5.601463450499258201e+00
1.316574721335679143e+01
-1.001289804710917153e+01
-1.943690812802942673e+02
3.924926993240590036e+02
-1.273809382683556578e+03
-1.790686889564337037e+02
4.288643971970825675e+01
-2.749717159131278521e+01
4.692345025021931804e+01
-1.058771014179883139e+02
3.008148492342015174e+02
4.981618436188796295e+01
-2.913789917063930091e+01
4.614994017106347712e+00
-4.511787319760951220e+01
6.041869426869753568e+01
-1.719158957505708258e+02
3.350769852556297934e+01
1.476497902086964054e+01
1.610887118114578298e+00
-1.493985530019527885e-01
-2.818523503311004674e+01
1.400945589258571822e+01
7.442101477188685976e+01
-8.339636227239080313e+01
-1.346433878808194038e+02
2.744090688205079687e+02
-6.946988294728100755e+02
5.715183905139328999e+02
-1.258770304886196243e+02
7.280707296248160674e+02
-4.644720967474274858e+02
1.198860882539002205e+03
3.798865712627869584e+02
-2.384696480454801417e+02
-3.774293091962773019e+02
8.132888594713615760e+01
1.239269607310546775e+02
-3.479399804855955836e+01
-5.590770241544569252e+00
5.448697943015125844e+01
-1.222730421340362028e+02
3.842671128908485230e+02
-5.788497817253198718e+02
6.976045728586636407e+00
-1.201261605437573898e+01
-4.988891485008259408e-01
-2.834489329602427787e+01
1.818859289884237285e+01
-7.965870741145644729e+01
6.666891875806757071e+02
4.059851537629635487e+01
-4.491834497244791002e+00
-4.171511113562123896e+00
-6.493428774152499194e+00
8.819121343024434623e+00
-1.345612716408379583e+01
-5.899485568558286985e+00
-3.614566136115109316e+02
7.401427334600842300e+01
-5.532469959266322945e+01
-3.806707519387670935e+00
-1.480121265069652026e+01
-9.966584909120333791e+00
-2.302180807345190061e+01
4.302615422227762387e+00
1.792508546951002302e+02
-5.151143237905495198e+01
1.277982079679754968e+01
8.902922359675102371e+00
4.837607394542263184e-01
-1.621283349434436971e+01
2.558955378438008665e+01
-2.590609332181965385e+01
-2.644329819305899605e+02
-1.062177859171837184e+02
1.300678493597814178e+00
-5.482471543041027218e+01
2.838468495353690102e+01
-5.655968384275183780e+01
-4.852758779821920854e+01
1.104585239980917066e+02
-5.378541140004048060e+01
-2.068265380106793216e+01
-2.878411474979557738e+02
-4.166768109380660121e+02
4.161018424227391961e+02
4.976879207729837162e+02
-5.947397805762910394e+01
-2.773010492137698080e+01
5.136172742321345908e+01
-1.163921325775597353e+02
7.842095111490214094e+02
-8.156351858153738021e+01
-8.657552310609585078e+00
-4.496222414985477478e+00
-2.787472142526284102e+01
3.036911683652765248e+01
-1.811547383713948136e+02
5.020398559880069200e+01
-9.645122016418621769e+00
-1.901461047165241003e-01
-1.144331072808530969e+00
4.565659856971483244e+00
-1.058750101595288307e+01
1.719943443163801788e+01
-2.119894914537634918e+02
-1.130040613262813132e+01
-9.789183278170742852e+00
1.211192285695900095e+00
-3.010162242744143235e+00
-9.114227468262066978e+00
5.830789703768911814e+00
-1.197996737014969781e+01
5.089698074919540716e+01
-1.721698859137757154e+01
-1.044379333230108209e+01
-2.221734542892382702e+00
-5.385324384694729183e+00
-4.924258146392300084e+00
1.921887588005176006e+00
-1.562877437772756650e+01
-3.766696042594518445e+01
1.207405322803128556e+01
4.801109986321558054e+00
-5.727974200892464118e+00
-8.063633455797827310e+00
-8.835394605103042309e+00
-2.737067934040862571e+00
-8.993334018631569116e-01
5.365876957938007052e+01
-2.314032449555834035e+02
-7.392582579799764630e+00
-3.403568339796640085e+00
-1.731966229122463119e+00
-6.744856911991969461e+00
-5.188853204280476916e+00
2.893718330358614033e+00
-2.113786377459553592e+02
4.922361163771175541e+01
-1.931575532524293948e+01
9.240432441296572819e+00
-2.163531829652777794e-01
4.580578335335231621e+00
-1.495431762290694699e+01
-5.064119792526560673e+02
5.857079023140082086e+01
-4.264068642585694136e+01
-3.062010368152331097e+01
3.279979245473361971e+01
-1.399945194430419519e+02
-9.295900463865209531e+02
4.456841292464577577e+02
3.407904240602465507e+01
1.634610035415208245e+02
-4.106985078945752434e+02
7.615447186757174691e+00
6.976649389397229228e+00
-2.887223211537333967e+01
4.493369822075845121e+01
-4.393159968557284287e+02
-5.749290630214751445e+02
-9.439868562977430599e+00
1.628681655769868186e+01
-7.463876570049086112e+00
9.828679266867327513e+00
-1.419532127179320646e+01
5.127566809601567144e+01
-6.857948267716144528e+02
-6.665834075397641811e+01
1.918022176347856700e+01
-9.468041903742276943e+00
6.978697697337438166e-01
-5.228155658165395181e+00
1.907555173058874232e+00
4.398240363423622235e-01
1.786226787452680487e+00
3.921754853564340948e+00
-7.706050216564488409e+00
2.860040827003458297e+00
-6.061734984653917913e+00
-2.418353933663442312e+00
-1.877533844340596003e+00
-2.477539152487725715e+00
-9.545973568847630375e+00
-9.011328846832988404e+00
7.295347622112295483e+00
-9.089400511582095277e+00
8.607493459261424951e-01
-5.217839153500114513e-01
-7.502508236176070433e+00
4.325486086957751830e+00
-5.803369344963455134e+00
-2.258321014404717442e+00
-1.206251973709644609e+01
4.473519176730523128e+00
-6.302747209031505093e-01
2.479951973542565025e+00
-6.247058177518554078e-01
-5.247426300113909647e+00
-1.431692318261180930e+01
5.779537621382878143e+01
-4.347270336782202982e+00
1.357506378768519095e+00
-5.772474690962594579e+00
-5.412060657947034947e+00
1.220915821325319950e+00
-3.450119014400261808e+00
1.905595269754408738e+00
-2.452706391573738074e+02
-1.868498442921086422e+01
-6.487800476947376715e+00
-3.227543918609407925e+00
1.963401289339975264e+00
-1.216088728978119526e+01
1.011392606598455401e+01
-7.673453135961517546e+01
1.705637084749903352e+02
-1.666875826657360449e+01
9.423529434486707101e-01
-7.195816441495575866e+00
-6.526624938316937019e+00
1.109163043362873324e+01
4.274359288839984288e+02
-2.031147367557011023e+02
-3.366851125929402144e+01
1.027760487084203511e+01
1.569967987852945726e+02
-3.284672598935156174e+01
-8.891929356354511427e+00
1.260636603620812579e+01
-3.773767864558926988e+01
-1.675980020504372092e+01
1.818982060478401763e+01
-4.535427767842530500e+01
-7.142348850500179758e+00
6.964150449137735954e-01
-1.180040346170492427e+01
1.751096189129462743e+01
-8.201202587910574948e+01
2.450234429065104678e+02
9.498343947792488251e+00
-1.144665407689375769e+01
1.407929193194204842e+00
-4.422139057266242901e+00
-9.868170065571381100e-01
-8.061032179335693826e+00
3.162261187124273398e+00
-3.674144599349060769e+01
-1.339915311661556885e+01
6.226866187634650274e+00
-1.257366772926529741e+01
-1.868538418834591486e+00
-4.403262356207748418e+00
-8.959214449715760864e+00
3.737868313360782846e+00
-1.997780079777213169e+00
-8.783517905468733733e-02
-5.999233390719129311e+00
-3.772660036412678775e+00
-4.226634690326052102e+00
-1.311804825885730733e-02
-8.798220746272530590e+00
-3.731432323563127484e-01
-1.108111526902287025e+01
-1.817348844581576017e+01
4.878045531860188078e+00
-6.748463195684980320e+00
-3.146529932295429877e+00
-9.467620677315670363e+00
2.608461786533628146e+00
-4.535414433298868175e+00
1.368688169560356549e+01
-6.227309914460270335e+01
7.059235629176552784e+00
-5.727375143467310359e+00
-1.958570826083521954e+00
-2.325785934271604738e+00
-6.676047043213813481e+00
9.690152074423032502e+00
-4.668026274576573798e+01
-3.862285799509411959e+02
1.182847028332640171e+01
3.540654627467961113e+00
-1.180839510641605417e+00
-4.921327552240209791e+00
9.971612154420714802e+00
-2.805272526089024865e+01
-1.883138358779029602e+02
-2.303530262886541493e+02
1.947115423066828654e+01
-1.777483653435689348e+01
4.056754732875956115e+00
-1.687679523616472821e+01
-1.009012294466626081e+01
-5.620207534127868030e+02
2.260725497175353098e+02
8.035218013795400793e+01
-1.415622131657730733e+02
-2.716713401051201160e+01
3.576881800932058209e+00
-3.725889916732905505e+01
-8.626760747287841014e+01
4.758708329687060257e+01
3.374145462990580935e+00
-1.242027725825776407e+01
7.254259205989886716e+00
-2.419196593927140881e+01
6.518726890229174842e+01
-1.234826023946596791e+02
-9.977035764137117013e+00
9.315574708326253006e-01
-1.111740439252487000e+00
-2.202716589648753498e+00
7.548241276422533730e+00
-1.777906023082130105e+01
-4.188189027223046423e+01
2.367304697473620934e+01
-8.708954196834319816e+00
1.301020041911765190e+01
-5.688011211010617352e+00
-2.426001491221593476e+00
8.183042713171406746e+00
-6.429661778380499904e+00
-3.163805675328072109e+00
-3.215892374023426470e+01
4.720278449867398862e+00
-6.790388833885086406e+00
-4.476285467571096355e+00
-8.811050136561707546e+00
2.554901750334557242e-01
-2.301077688129692156e+00
-6.505755082516986754e+00
2.307883778473975056e+01
-6.068266082374312864e-01
3.189112907754898085e+00
-6.578946635789109099e-01
6.890214476856426629e+00
-7.124617733513030515e+00
1.692838079499981419e+01
-6.810989819638807319e+01
-1.599995279351003603e+02
1.052290674590881814e+01
-1.004580711597127163e+01
2.731687911817551218e+00
-1.369190968035663092e+00
-2.797454573918363607e+00
-1.399658041590939561e+01
-1.043946842834334063e+02
-1.240626708846229604e+02
3.020290217858343240e+01
-2.726690081992054715e+01
9.105261260697993464e+00
-2.694754369307705844e+01
5.162941873803073456e+00
-1.769389480774891865e+02
5.865253306972481795e+01
-3.737357178093059673e+01
-1.665572259601267291e+01
3.101831743544520577e+03
-1.003993575028217151e+03
-1.358426170813400404e+03
2.865411786637793739e+03
-5.177740865246871635e+02
-2.131263015217088537e+02
2.446208788125683498e+01
-8.607301619992804831e+01
-1.045072554068764958e+01
-4.348293712681984289e+02
1.651913347638803543e+03
-1.759496157318708924e+02
3.419249986971475153e+01
-6.414947592936023568e+00
1.747046460865703565e+01
-1.742834046269059911e+01
-5.482374662362118301e+01
5.406222432991028199e+02
-5.299337867224384127e+02
3.248966223544291410e+01
-2.783949003737600236e+01
2.089219114742553618e+00
-1.290499809910236273e+01
-2.240129019497938856e+00
-2.990960871810268706e+00
-1.040918831814966978e+02
2.452374777567893034e+02
-3.612257305139421248e+01
1.159812646585318596e+01
-9.503016245129579431e+00
1.231083396813594133e+00
1.177446957392397214e-01
-2.316908519212933726e+01
7.005051845666136501e+01
-5.635780939230918420e+02
4.941010356231250178e+00
-7.785292993724546307e+00
6.578368819823551483e+00
-6.314268955400744510e+00
7.778538429712402724e+00
-1.678507444313940766e+01
-3.630954460902796086e+02
-1.157404321588903997e+02
-1.832001729842516013e+01
-2.642025136862755375e+01
-6.774123236775049683e+00
-4.840286516094678149e+01
-6.957703196071709328e+01
-8.063427654331339056e+01
7.133457031108201818e+01
-6.572207848147803588e+01
1.220825968210903056e+02
-2.442973140476328808e+02
-9.746724922827807802e+01
-6.508716619067973852e+02
-1.193386913541099545e+02
3.114550430902874112e+01
-2.840837999128600799e+01
-9.384854926521404295e+00
-7.223548858282701701e+01
5.355889972693172574e+00
1.368791570711893613e+01
-1.454053053048900601e+01
-5.311050377305408965e+00
-2.800500994624302464e+00
6.276805855407554091e+00
-6.925164990297355416e+01
-1.483744512880783191e+02
2.493284292039360039e+01
-9.657889455721795358e+00
-2.667393302583911829e+00
-2.544501442938882718e+01
8.450024947406929243e+01
1.036973356498103982e+02
-1.136214516655775526e+02
3.798521061626282336e+00
-2.493485861481349630e+01
-5.680807310612508765e+00
-3.790935527684220574e+02
1.173638276503141213e+02
1.679836285042530974e+01
-7.537472714418933961e+00
1.427708298440019519e+02
