102.669207
113.860448
122.014327
128.236690
133.103346
137.069196
140.402593
143.277540
145.809698
148.078075
150.138481
152.031461
153.787156
155.428422
156.972906
158.434468
159.824168
161.150968
162.422231
163.644086
164.821696
165.959454
167.061134
168.130007
169.168925
170.180394
171.166626
172.129584
173.071018
173.992491
174.895407
175.781030
176.650498
177.504843
178.344999
179.171814
179.986060
180.788440
181.579596
182.360115
183.130534
183.891346
184.643003
185.385920
186.120481
186.847038
187.565917
188.277419
188.981823
189.679387
190.370350
191.054936
191.733351
192.405790
193.072432
193.733446
194.388990
195.039211
195.684250
196.324236
196.959293
197.589537
198.215076
198.836016
199.452455
200.064485
200.672195
201.275670
201.874990
202.470232
203.061469
203.648772
204.232207
204.811840
205.387733
205.959944
206.528533
207.093554
207.655062
208.213107
208.767740
209.319010
209.866964
210.411647
210.953104
211.491379
212.026512
212.558546
213.087520
213.613473
214.136443
214.656467
215.173582
215.687822
216.199223
216.707817
217.213640
217.716723
218.217097
218.714795
219.209847
219.702283
220.192133
220.679426
221.164189
221.646452
222.126242
222.603586
223.078510
223.551041
224.021205
224.489026
224.954531
225.417743
225.878686
226.337386
226.793864
227.248145
227.700251
228.150205
228.598028
229.043743
229.487372
229.928935
230.368454
230.805949
231.241440
231.674949
232.106494
232.536096
232.963774
233.389546
233.813433
234.235451
234.655621
235.073960
235.490486
235.905217
236.318170
236.729362
237.138812
237.546535
237.952548
238.356868
238.759512
239.160494
239.559832
239.957540
240.353635
240.748131
241.141044
241.532389
241.922181
242.310434
242.697163
243.082382
243.466106
243.848347
244.229121
244.608441
244.986320
245.362771
245.737809
246.111445
246.483694
246.854567
247.224077
247.592238
247.959060
248.324557
248.688740
249.051621
249.413213
249.773527
250.132574
250.490366
250.846914
251.202229
251.556323
251.909206
252.260889
252.611383
252.960698
253.308845
253.655834
254.001676
254.346380
254.689957
255.032415
255.373767
255.714019
256.053184
256.391269
256.728284
257.064239
257.399143
257.733004
258.065832
258.397636
258.728424
259.058205
259.386987
259.714780
260.041591
260.367429
260.692301
261.016217
261.339184
261.661210
261.982303
262.302471
262.621721
262.940061
263.257499
263.574042
263.889697
264.204472
264.518374
264.831410
265.143587
265.454912
265.765392
266.075034
266.383845
266.691831
266.998999
267.305355
267.610906
267.915659
268.219619
268.522794
268.825188
269.126809
269.427663
269.727755
270.027091
270.325678
270.623520
270.920625
271.216998
271.512643
271.807568
272.101777
272.395275
272.688070
272.980164
273.271565
273.562277
273.852306
274.141656
274.430333
274.718342
275.005687
275.292374
275.578408
275.863793
276.148534
276.432636
276.716104
276.998942
277.281156
277.562748
277.843725
278.124090
278.403848
278.683003
278.961560
279.239522
279.516895
279.793682
280.069888
280.345516
280.620571
280.895057
281.168977
281.442336
281.715139
281.987387
282.259086
282.530240
282.800851
283.070924
283.340462
283.609470
283.877950
284.145907
284.413343
284.680264
284.946671
285.212569
285.477961
285.742850
286.007239
286.271133
286.534534
286.797445
287.059871
287.321813
287.583276
287.844262
288.104775
288.364818
288.624393
288.883505
289.142155
289.400347
289.658083
289.915368
290.172203
290.428592
290.684537
290.940041
291.195107
291.449738
291.703937
291.957706
292.211049
292.463967
292.716463
292.968540
293.220202
293.471449
293.722285
293.972713
294.222735
294.472353
294.721570
294.970389
295.218811
295.466839
295.714477
295.961725
296.208587
296.455065
296.701160
296.946877
297.192216
297.437180
297.681771
297.925991
298.169844
298.413330
298.656452
298.899213
299.141613
299.383657
299.625344
299.866679
300.107662
300.348296
300.588583
300.828525
301.068123
301.307381
301.546299
301.784880
302.023126
302.261038
302.498619
302.735871
302.972794
303.209392
303.445666
303.681618
303.917250
304.152563
304.387560
304.622241
304.856610
305.090667
305.324415
305.557854
305.790987
306.023816
306.256342
306.488567
306.720493
306.952121
307.183452
307.414489
307.645233
307.875685
308.105848
308.335723
308.565311
308.794614
309.023633
309.252370
309.480827
309.709005
309.936905
310.164529
310.391879
310.618956
310.845761
311.072295
311.298561
311.524560
311.750293
311.975761
312.200965
312.425909
312.650591
312.875015
313.099180
313.323090
313.546744
313.770145
313.993293
314.216190
314.438837
314.661235
314.883386
315.105291
315.326951
315.548368
315.769542
315.990475
316.211169
316.431623
316.651840
316.871821
317.091566
317.311078
317.530357
317.749404
317.968220
318.186808
318.405167
318.623298
318.841204
319.058885
319.276342
319.493576
319.710589
319.927381
320.143954
320.360308
320.576444
320.792365
321.008070
321.223561
321.438838
321.653903
321.868757
322.083401
322.297836
322.512062
322.726081
322.939893
323.153501
323.366903
323.580103
323.793100
324.005895
324.218490
324.430885
324.643081
324.855079
325.066880
325.278486
325.489896
325.701111
325.912134
326.122963
326.333601
326.544049
326.754306
326.964374
327.174254
327.383946
327.593452
327.802772
328.011908
328.220859
328.429626
328.638211
328.846615
329.054837
329.262879
329.470742
329.678427
329.885933
330.093263
330.300416
330.507393
330.714196
330.920825
331.127280
331.333563
331.539674
331.745614
331.951383
332.156983
332.362414
332.567676
332.772771
332.977699
333.182460
333.387057
333.591488
333.795755
333.999859
334.203799
334.407578
334.611195
334.814651
335.017947
335.221084
335.424061
335.626880
335.829542
336.032046
336.234394
336.436587
336.638624
336.840506
337.042234
337.243809
337.445232
337.646501
337.847620
338.048587
338.249404
338.450071
338.650589
338.850958
339.051178
339.251252
339.451178
339.650957
339.850591
340.050079
340.249422
340.448621
340.647676
340.846588
341.045357
341.243984
341.442469
341.640813
341.839016
342.037079
342.235003
342.432787
342.630433
342.827940
343.025310
343.222542
343.419638
343.616598
343.813421
344.010110
344.206664
344.403083
344.599368
344.795521
344.991540
345.187426
345.383181
345.578804
345.774296
345.969657
346.164887
346.359988
346.554960
346.749803
346.944517
347.139103
347.333561
347.527892
347.722096
347.916174
348.110126
348.303952
348.497653
348.691229
348.884680
349.078008
349.271212
349.464293
349.657251
349.850087
350.042800
350.235392
350.427862
350.620212
350.812441
351.004550
351.196539
351.388409
351.580159
351.771791
351.963304
352.154700
352.345978
352.537138
352.728182
352.919109
353.109920
353.300615
353.491194
353.681658
353.872007
354.062242
354.252362
354.442369
354.632262
354.822042
355.011709
355.201263
355.390705
355.580035
355.769254
355.958361
356.147357
356.336242
356.525017
356.713682
356.902237
357.090683
357.279019
357.467247
357.655366
357.843376
358.031279
358.219074
358.406761
358.594342
358.781815
358.969182
359.156443
359.343597
359.530646
359.717589
359.904427
360.091161
360.277789
360.464313
360.650733
360.837049
361.023262
361.209371
361.395377
361.581281
361.767081
361.952780
362.138376
362.323871
362.509264
362.694556
362.879746
363.064836
363.249826
363.434715
363.619504
363.804193
363.988782
364.173272
364.357663
364.541955
364.726148
364.910243
365.094240
365.278139
365.461940
365.645643
365.829249
366.012758
366.196170
366.379486
366.562705
366.745828
366.928855
367.111786
367.294621
367.477361
367.660006
367.842556
368.025012
368.207373
368.389639
368.571811
368.753890
368.935875
369.117766
369.299564
369.481269
369.662880
369.844400
370.025826
370.207161
370.388403
370.569553
370.750611
370.931578
371.112454
371.293238
371.473932
371.654534
371.835046
372.015467
372.195798
372.376039
372.556191
372.736252
372.916224
373.096106
373.275900
373.455604
373.635219
373.814746
373.994184
374.173534
374.352795
374.531969
374.711055
374.890053
375.068964
375.247787
375.426523
375.605172
375.783734
375.962210
376.140599
376.318902
376.497118
376.675249
376.853293
377.031252
377.209125
377.386913
377.564616
377.742233
377.919766
378.097213
378.274576
378.451855
378.629049
378.806159
378.983185
379.160127
379.336985
379.513759
379.690450
379.867058
380.043583
380.220024
380.396383
380.572658
380.748851
380.924962
381.100990
381.276937
381.452801
381.628583
381.804283
381.979901
382.155439
382.330894
382.506269
382.681562
382.856774
383.031906
383.206956
383.381926
383.556816
383.731625
383.906354
384.081003
384.255572
384.430061
384.604470
384.778800
384.953050
385.127221
385.301313
385.475326
385.649260
385.823114
385.996891
386.170588
386.344207
386.517748
386.691210
386.864595
387.037901
387.211129
387.384280
387.557353
387.730348
387.903266
388.076107
388.248870
388.421557
388.594166
388.766699
388.939154
389.111534
389.283836
389.456062
389.628212
389.800286
389.972284
390.144205
390.316051
390.487821
390.659516
390.831134
391.002678
391.174146
391.345539
391.516857
391.688099
391.859267
392.030360
392.201378
392.372322
392.543191
392.713986
392.884707
393.055353
393.225925
393.396423
393.566848
393.737198
393.907475
394.077678
394.247808
394.417865
394.587848
394.757758
394.927594
395.097358
395.267049
395.436667
395.606212
395.775685
395.945085
396.114413
396.283669
396.452852
396.621963
396.791002
396.959969
397.128864
397.297687
397.466439
397.635119
397.803728
397.972265
398.140730
398.309125
398.477449
398.645701
398.813882
398.981993
399.150033
399.318002
399.485900
399.653728
399.821485
399.989172
400.156789
400.324336
400.491813
400.659219
400.826556
400.993822
401.161019
401.328147
401.495205
401.662193
401.829112
401.995961
402.162741
402.329453
402.496095
402.662668
402.829172
402.995607
403.161973
403.328271
403.494500
403.660661
403.826753
403.992777
404.158733
404.324620
404.490439
404.656190
404.821874
404.987489
405.153036
405.318516
405.483928
405.649273
405.814550
405.979760
406.144902
406.309977
406.474985
406.639926
406.804799
406.969606
407.134346
407.299019
407.463625
407.628165
407.792638
407.957044
408.121384
408.285658
408.449865
408.614007
408.778082
408.942090
409.106033
409.269910
409.433721
409.597467
409.761146
409.924760
410.088309
410.251791
410.415209
410.578561
410.741848
410.905069
411.068225
411.231317
411.394343
411.557304
411.720201
411.883032
412.045799
412.208501
412.371139
412.533712
412.696220
412.858665
413.021044
413.183360
413.345611
413.507798
413.669922
413.831981
413.993976
414.155907
414.317775
414.479579
414.641319
414.802995
414.964608
415.126158
415.287644
415.449066
415.610426
415.771722
415.932955
416.094125
416.255232
416.416276
416.577257
416.738175
416.899031
417.059823
417.220553
417.381221
417.541826
417.702368
417.862848
418.023266
418.183622
418.343915
418.504146
418.664315
418.824422
418.984467
419.144450
419.304371
419.464231
419.624028
419.783764
419.943439
420.103052
420.262603
420.422093
420.581522
420.740889
420.900195
421.059440
421.218623
421.377746
421.536807
421.695808
421.854748
422.013627
422.172445
422.331202
422.489899
422.648535
422.807110
422.965625
423.124080
423.282474
423.440807
423.599081
423.757294
423.915447
424.073540
424.231573
424.389546
424.547459
424.705312
424.863106
425.020839
425.178513
425.336127
425.493682
425.651177
425.808612
425.965988
426.123305
426.280562
426.437760
426.594899
426.751979
426.908999
427.065960
427.222863
427.379706
427.536491
427.693216
427.849883
428.006491
428.163041
428.319532
428.475964
428.632337
428.788652
428.944909
429.101107
429.257247
429.413329
429.569352
429.725318
429.881225
430.037074
430.192865
430.348598
430.504273
430.659890
430.815450
430.970952
431.126395
431.281782
431.437110
431.592381
431.747595
431.902751
432.057850
432.212891
432.367875
432.522802
432.677671
432.832483
432.987238
433.141937
433.296578
433.451162
433.605689
433.760159
433.914572
434.068929
434.223229
434.377472
434.531659
434.685789
434.839862
434.993879
435.147839
435.301743
435.455591
435.609382
435.763117
435.916796
436.070419
436.223986
436.377496
436.530951
436.684349
436.837692
436.990978
437.144209
437.297384
437.450503
437.603567
437.756575
437.909527
438.062424
438.215265
438.368051
438.520781
438.673456
438.826075
438.978640
439.131148
439.283602
439.436001
439.588344
439.740633
439.892866
440.045045
440.197168
440.349237
440.501250
440.653209
440.805113
440.956963
441.108757
441.260498
441.412183
441.563814
441.715391
441.866913
442.018380
442.169793
442.321152
442.472457
442.623707
442.774903
442.926045
443.077133
443.228167
443.379147
443.530072
443.680944
443.831762
443.982526
444.133237
444.283893
444.434496
444.585045
444.735540
444.885982
445.036370
445.186705
445.336986
445.487214
445.637388
445.787509
445.937577
446.087591
446.237552
446.387460
446.537315
446.687117
446.836865
446.986561
447.136203
447.285793
447.435330
447.584813
447.734244
447.883623
448.032948
448.182221
448.331441
448.480608
448.629723
448.778785
448.927795
449.076752
449.225657
449.374510
449.523310
449.672057
449.820753
449.969396
450.117987
450.266526
450.415013
450.563447
450.711830
450.860161
451.008439
451.156666
451.304841
451.452964
451.601035
451.749055
451.897022
452.044938
452.192803
452.340615
452.488376
452.636086
452.783744
452.931351
453.078906
453.226409
453.373862
453.521263
453.668613
453.815911
453.963159
454.110355
454.257500
454.404594
454.551637
454.698629
454.845570
454.992460
455.139299
455.286087
455.432824
455.579511
455.726146
455.872731
456.019266
456.165749
456.312182
456.458565
456.604897
456.751178
456.897409
457.043590
457.189720
457.335800
457.481829
457.627808
457.773737
457.919616
458.065444
458.211222
458.356950
458.502629
458.648257
458.793835
458.939363
459.084841
459.230269
459.375647
459.520976
459.666255
459.811484
459.956663
460.101793
460.246872
460.391903
460.536883
460.681815
460.826696
460.971528
461.116311
461.261044
461.405728
461.550363
461.694948
461.839484
461.983971
462.128408
462.272796
462.417136
462.561426
462.705667
462.849859
462.994002
463.138096
463.282141
463.426137
463.570084
463.713983
463.857832
464.001633
464.145385
464.289089
464.432744
464.576350
464.719907
464.863416
465.006877
465.150289
465.293652
465.436967
465.580234
465.723452
465.866622
466.009744
466.152817
466.295842
466.438819
466.581748
466.724629
466.867461
467.010246
467.152982
467.295670
467.438311
467.580903
467.723448
467.865945
468.008393
468.150795
468.293148
468.435453
468.577711
468.719921
468.862084
469.004199
469.146266
469.288285
469.430258
469.572182
469.714060
469.855889
469.997672
470.139407
470.281095
470.422735
470.564328
470.705874
470.847373
470.988824
471.130229
471.271586
471.412896
471.554159
471.695375
471.836545
471.977667
472.118742
472.259770
472.400752
472.541687
472.682574
472.823416
472.964210
473.104958
473.245659
473.386313
473.526921
473.667482
473.807997
473.948465
474.088886
474.229261
474.369590
474.509872
474.650108
474.790298
474.930441
475.070538
475.210589
475.350594
475.490552
475.630464
475.770331
475.910151
476.049925
476.189652
476.329334
476.468970
476.608560
476.748104
476.887603
477.027055
477.166462
477.305822
477.445137
477.584407
477.723630
477.862808
478.001940
478.141027
478.280068
478.419064
478.558014
478.696918
478.835777
478.974591
479.113359
479.252082
479.390759
479.529391
479.667978
479.806520
479.945016
480.083467
480.221873
480.360234
480.498550
480.636821
480.775046
480.913227
481.051363
481.189453
481.327499
481.465500
481.603456
481.741367
481.879233
482.017055
482.154831
482.292563
482.430251
482.567893
482.705491
482.843045
482.980553
483.118018
483.255437
483.392812
483.530143
483.667429
483.804671
483.941869
484.079022
484.216131
484.353195
484.490215
484.627191
484.764123
484.901011
485.037854
485.174653
485.311408
485.448120
485.584787
485.721410
485.857989
485.994524
486.131015
486.267462
486.403865
486.540225
486.676541
486.812813
486.949041
487.085225
487.221366
487.357463
487.493516
487.629526
487.765492
487.901415
488.037294
488.173129
488.308921
488.444670
488.580375
488.716037
488.851655
488.987230
489.122762
489.258251
489.393696
489.529098
489.664457
489.799772
489.935044
490.070274
490.205460
490.340603
490.475703
490.610760
490.745774
490.880745
491.015674
491.150559
491.285401
491.420201
491.554958
491.689672
491.824343
491.958971
492.093557
492.228100
492.362600
492.497058
492.631473
492.765846
492.900176
493.034463
493.168708
493.302911
493.437071
493.571188
493.705264
493.839296
493.973287
494.107235
494.241141
494.375005
494.508827
494.642606
494.776343
494.910038
495.043691
495.177302
495.310870
495.444397
495.577882
495.711324
495.844725
495.978084
496.111400
496.244675
496.377909
496.511100
496.644249
496.777357
496.910423
497.043447
497.176430
497.309371
497.442270
497.575128
497.707944
497.840718
497.973451
498.106143
498.238793
498.371401
498.503968
498.636494
498.768978
498.901421
499.033823
499.166183
499.298502
499.430780
499.563016
499.695212
499.827366
499.959479
500.091551
500.223582
500.355571
500.487520
500.619428
500.751295
500.883121
501.014905
501.146649
501.278352
501.410015
501.541636
501.673217
501.804756
501.936255
502.067714
502.199131
502.330508
502.461844
502.593140
502.724395
502.855610
502.986784
503.117917
503.249010
503.380062
503.511074
503.642046
503.772977
503.903868
504.034718
504.165529
504.296298
504.427028
504.557717
504.688366
504.818975
504.949544
505.080073
505.210561
505.341010
505.471418
505.601787
505.732115
505.862403
505.992652
506.122860
506.253029
506.383157
506.513246
506.643295
506.773304
506.903273
507.033203
507.163093
507.292943
507.422754
507.552524
507.682256
507.811947
507.941599
508.071211
508.200784
508.330318
508.459812
508.589266
508.718681
508.848057
508.977393
509.106690
509.235947
509.365165
509.494344
509.623484
509.752584
509.881646
510.010668
510.139651
510.268594
510.397499
510.526364
510.655191
510.783978
510.912727
511.041436
511.170107
511.298738
511.427331
511.555885
511.684399
511.812876
511.941313
512.069711
512.198071
512.326392
512.454674
512.582917
512.711122
512.839289
512.967416
513.095505
513.223556
513.351567
513.479541
513.607476
513.735372
513.863230
513.991049
514.118831
514.246573
514.374278
514.501944
514.629572
514.757161
514.884712
515.012225
515.139700
515.267137
515.394535
515.521896
515.649218
515.776502
515.903748
516.030956
516.158126
516.285258
516.412352
516.539408
516.666427
516.793407
516.920349
517.047254
517.174121
517.300950
517.427741
517.554495
517.681210
517.807888
517.934529
518.061132
518.187697
518.314224
518.440714
518.567166
518.693581
518.819959
518.946298
519.072601
519.198866
519.325093
519.451283
519.577436
519.703552
519.829630
519.955671
520.081674
520.207640
520.333569
520.459461
520.585316
520.711134
520.836914
520.962657
521.088364
521.214033
521.339665
521.465260
521.590818
521.716339
521.841823
521.967271
522.092681
522.218055
522.343391
522.468691
522.593954
522.719181
522.844370
522.969523
523.094639
523.219718
523.344761
523.469767
523.594737
523.719670
523.844566
523.969426
524.094249
524.219036
524.343786
524.468500
524.593177
524.717818
524.842423
524.966991
525.091523
525.216019
525.340478
525.464901
525.589288
525.713638
525.837953
525.962231
526.086473
526.210679
526.334849
526.458983
526.583080
526.707142
526.831168
526.955157
527.079111
527.203029
527.326910
527.450756
527.574566
527.698340
527.822079
527.945781
528.069448
528.193079
528.316674
528.440234
528.563758
528.687246
528.810698
528.934115
529.057496
529.180842
529.304152
529.427427
529.550666
529.673870
529.797038
529.920170
530.043268
530.166329
530.289356
530.412347
530.535303
530.658223
530.781108
530.903958
531.026773
531.149552
531.272297
531.395006
531.517680
531.640318
531.762922
531.885491
532.008024
532.130523
532.252986
532.375415
532.497808
532.620167
532.742490
532.864779
532.987033
533.109252
533.231436
533.353585
533.475700
533.597779
533.719824
533.841835
533.963810
534.085751
534.207657
534.329529
534.451366
534.573168
534.694936
534.816669
534.938367
535.060032
535.181661
535.303256
535.424817
535.546343
535.667835
535.789293
535.910716
536.032105
536.153459
536.274780
536.396065
536.517317
536.638535
536.759718
536.880867
537.001982
537.123063
537.244109
537.365122
537.486101
537.607045
537.727955
537.848832
537.969674
538.090483
538.211257
538.331998
538.452705
538.573377
538.694016
538.814622
538.935193
539.055730
539.176234
539.296704
539.417140
539.537543
539.657912
539.778247
539.898549
540.018817
540.139051
540.259252
