1.821642
25.307797
-5.808871
-13.598174
21.107953
3.929543
1.011604
1.170180
15.354972
10.592327
-5.928082
12.815153
12.037545
-6.753370
-47.401254
-5.498558
-29.282796
23.746925
11.849965
13.529936
27.677087
-2.755897
29.510916
9.755825
11.961371
-4.725753
-19.996539
-27.507705
2.307832
3.340757
5.367488
0.374897
-9.807256
0.321926
14.063147
29.226345
17.752213
10.288717
19.053853
23.998231
15.115523
11.326432
-2.312424
13.371051
6.523452
41.592457
-42.892594
-23.999057
-27.422293
-14.390276
7.971232
11.062694
30.913739
-34.872249
7.345432
13.716282
-1.196865
4.465836
-26.026107
3.314191
34.114306
26.392374
-31.629827
-25.926380
-14.368465
-31.005357
16.513316
-23.552551
7.534239
-22.995460
9.135624
20.700832
10.485678
-1.963039
0.055030
13.190319
-22.017714
-86.083417
-30.501696
22.731628
-42.502583
-31.606257
-18.153044
17.694903
6.047487
-15.520343
27.001401
22.968627
-0.457793
57.220931
1.504215
-37.363838
5.213962
-5.050162
35.580709
-68.340960
-27.034711
-7.648972
-28.045037
-6.215633
24.386689
-40.029754
23.658260
10.408958
0.438220
6.552263
-24.389855
36.186808
3.529320
-2.694599
-14.158229
-15.647104
-10.664153
-2.264818
-9.802328
1.219548
-15.459007
-31.485982
17.246551
-8.447985
-0.995661
2.151264
-21.435798
13.233136
-14.339880
-4.359035
-6.289178
-29.679543
-25.533772
-1.768374
-13.419785
-1.300792
-6.105277
25.915096
1.529214
-0.221447
-1.018470
-9.865564
8.090381
4.723846
-29.190615
-6.995553
-12.019927
-13.388579
-8.076297
8.677100
51.181641
17.112604
-24.386704
10.657788
-8.630239
16.101516
5.383876
15.737300
20.817919
2.896059
-26.861500
-12.373622
-14.024250
-5.619948
5.466599
-32.673200
16.231980
-10.845985
13.131713
10.594262
-6.561325
10.487480
-43.041284
-23.733948
-20.541457
10.686148
-18.063821
-11.263086
-8.857179
-6.084511
6.236578
-14.138241
-12.504306
-11.810046
9.926149
-2.453279
-4.218946
-0.794506
-3.647951
-23.998206
-6.044909
20.314905
-31.473765
-1.393802
-6.724912
-14.103843
5.756785
-17.638938
8.985736
-16.799761
6.687928
3.038868
8.146662
-2.443795
-6.069172
-13.115125
64.085441
-32.434631
2.192906
-14.376523
-14.630722
7.093807
-28.971990
95.000628
20.777834
-11.583407
-0.374232
-3.265162
0.754288
-8.468132
-3.036339
2.068159
29.216760
-16.481467
1.124724
-15.146431
-6.360605
29.980308
-0.456616
-11.100938
-11.043941
1.970875
-20.091218
-56.324398
19.444809
-20.350612
1.410369
-24.863577
2.396804
-63.177841
11.379797
-35.825508
10.075221
-28.150372
35.249367
-1.245394
-13.808754
-12.956167
-4.042220
9.292637
-6.296661
5.987120
-32.026029
29.206536
3.116849
0.184957
-11.339845
-16.279651
-8.321362
-17.124506
11.600485
-28.495613
-4.878962
-20.963986
0.663135
-0.309771
3.349004
-9.801085
-10.842048
19.078890
-64.139393
12.814430
-9.746861
-12.307564
-18.229961
0.768233
1.355765
-20.213775
-54.545615
10.424294
-4.228190
3.644377
-1.820787
-4.837745
7.314912
-78.335612
-20.306229
-7.204985
5.452758
-17.522283
-11.137217
9.651635
-24.296715
-34.812132
-63.417117
12.164338
-18.504441
12.502787
-18.398060
-50.460060
1.569838
1.766027
-7.229911
20.630314
6.397786
25.233083
-8.472350
-10.945454
17.219419
-4.256942
7.462717
-28.525365
-8.566138
79.885239
6.321741
-65.225265
1.555489
-16.020596
7.862982
-14.539960
-55.707365
82.684534
-23.949659
1.755868
13.754631
2.785398
-10.546441
26.233740
-10.678299
-12.058114
12.437532
-7.337449
-2.251573
-20.851356
-11.711741
-6.564617
-4.276518
-39.091201
-21.012551
5.279911
-5.687691
9.007681
3.619232
2.198749
9.304186
-74.952816
-32.792601
-18.069406
-9.106308
-6.180039
10.397462
-32.342944
-6.813471
-50.177606
-47.355265
8.799901
-9.421849
-41.328877
19.499239
-3.339374
-121.262505
40.990585
-15.113284
-90.521429
0.265655
-2.072820
-9.498987
-0.057195
-17.054603
-101.044572
-36.017524
2.049026
-54.399649
-8.071792
-5.262785
-14.997351
6.616836
17.695386
-12.744512
21.611521
-61.552714
8.903220
-18.691620
6.167405
-30.370358
-14.934978
3.144929
-36.618282
-4.452834
43.961460
-14.058281
-13.881595
-7.357433
4.464426
-10.107928
6.387401
-12.136287
29.193646
-9.637155
-30.627887
15.427866
-11.976518
9.195330
-11.899917
-31.990774
-5.285145
-45.027027
-23.215181
-21.301865
-53.726121
7.428070
-58.979206
-8.850158
21.902149
49.218831
64.325668
22.219592
18.103697
-37.784438
-31.800016
17.767716
-26.332437
-67.691161
12.457908
3.632665
32.018691
3.822248
-6.485615
13.277039
7.450381
33.919463
50.445848
-9.208521
0.901153
-30.521656
-15.152571
32.304146
4.605669
-87.293499
0.182970
-34.056656
-27.572030
2.950227
-20.575142
54.190181
69.543323
21.698721
