-14129.017254
-13543.416445
-12942.747574
-12828.100064
-12790.532546
-12768.222106
-12752.776590
-12741.288212
-12732.301419
-12725.003654
-12718.906766
-12713.699680
-12709.174087
-12705.184544
-12701.625888
-12698.419837
-12695.506702
-12692.840054
-12690.383166
-12688.106567
-12685.986317
-12684.002756
-12682.139582
-12680.383159
-12678.721990
-12677.146308
-12675.647761
-12674.219160
-12672.854280
-12671.547702
-12670.294681
-12669.091042
-12667.933094
-12666.817561
-12665.741519
-12664.702352
-12663.697705
-12662.725457
-12661.783683
-12660.870636
-12659.984723
-12659.124488
-12658.288595
-12657.475814
-12656.685013
-12655.915144
-12655.165236
-12654.434388
-12653.721759
-12653.026568
-12652.348081
-12651.685613
-12651.038522
-12650.406202
-12649.788085
-12649.183635
-12648.592345
-12648.013737
-12647.447358
-12646.892779
-12646.349592
-12645.817410
-12645.295867
-12644.784611
-12644.283309
-12643.791643
-12643.309310
-12642.836019
-12642.371493
-12641.915468
-12641.467689
-12641.027913
-12640.595907
-12640.171448
-12639.754320
-12639.344318
-12638.941244
-12638.544907
-12638.155124
-12637.771718
-12637.394521
-12637.023369
-12636.658103
-12636.298573
-12635.944631
-12635.596137
-12635.252953
-12634.914948
-12634.581994
-12634.253969
-12633.930753
-12633.612232
-12633.298293
-12632.988830
-12632.683738
-12632.382915
-12632.086264
-12631.793690
-12631.505102
-12631.220409
-12630.939526
-12630.662368
-12630.388855
-12630.118907
-12629.852447
-12629.589401
-12629.329697
-12629.073263
-12628.820033
-12628.569939
-12628.322917
-12628.078904
-12627.837838
-12627.599661
-12627.364314
-12627.131741
-12626.901888
-12626.674700
-12626.450125
-12626.228114
-12626.008616
-12625.791584
-12625.576970
-12625.364729
-12625.154816
-12624.947188
-12624.741802
-12624.538616
-12624.337591
-12624.138687
-12623.941866
-12623.747090
-12623.554321
-12623.363526
-12623.174668
-12622.987713
-12622.802628
-12622.619381
-12622.437939
-12622.258272
-12622.080349
-12621.904140
-12621.729616
-12621.556749
-12621.385512
-12621.215876
-12621.047816
-12620.881305
-12620.716317
-12620.552829
-12620.390816
-12620.230253
-12620.071118
-12619.913388
-12619.757040
-12619.602053
-12619.448404
-12619.296074
-12619.145041
-12618.995286
-12618.846789
-12618.699530
-12618.553491
-12618.408653
-12618.264998
-12618.122508
-12617.981165
-12617.840954
-12617.701856
-12617.563856
-12617.426937
-12617.291084
-12617.156281
-12617.022513
-12616.889765
-12616.758023
-12616.627272
-12616.497499
-12616.368689
-12616.240829
-12616.113905
-12615.987906
-12615.862817
-12615.738627
-12615.615323
-12615.492893
-12615.371326
-12615.250609
-12615.130731
-12615.011682
-12614.893449
-12614.776023
-12614.659392
-12614.543547
-12614.428477
-12614.314172
-12614.200621
-12614.087817
-12613.975748
-12613.864405
-12613.753780
-12613.643864
-12613.534647
-12613.426120
-12613.318276
-12613.211105
-12613.104599
-12612.998751
-12612.893552
-12612.788995
-12612.685071
-12612.581773
-12612.479094
-12612.377026
-12612.275561
-12612.174694
-12612.074416
-12611.974721
-12611.875602
-12611.777053
-12611.679067
-12611.581637
-12611.484757
-12611.388421
-12611.292622
-12611.197355
-12611.102614
-12611.008392
-12610.914685
-12610.821485
-12610.728789
-12610.636589
-12610.544882
-12610.453660
-12610.362920
-12610.272656
-12610.182863
-12610.093535
-12610.004668
-12609.916257
-12609.828298
-12609.740785
-12609.653713
-12609.567079
-12609.480878
-12609.395104
-12609.309755
-12609.224824
-12609.140309
-12609.056205
-12608.972508
-12608.889213
-12608.806318
-12608.723816
-12608.641706
-12608.559983
-12608.478642
-12608.397681
-12608.317096
-12608.236883
-12608.157038
-12608.077557
-12607.998439
-12607.919678
-12607.841271
-12607.763216
-12607.685508
-12607.608145
-12607.531123
-12607.454440
-12607.378091
-12607.302074
-12607.226386
-12607.151023
-12607.075984
-12607.001264
-12606.926861
-12606.852772
-12606.778995
-12606.705525
-12606.632362
-12606.559501
-12606.486941
-12606.414679
-12606.342711
-12606.271036
-12606.199650
-12606.128552
-12606.057739
-12605.987208
-12605.916957
-12605.846984
-12605.777286
-12605.707860
-12605.638706
-12605.569819
-12605.501198
-12605.432842
-12605.364746
-12605.296910
-12605.229332
-12605.162008
-12605.094938
-12605.028118
-12604.961547
-12604.895223
-12604.829144
-12604.763308
-12604.697713
-12604.632357
-12604.567238
-12604.502354
-12604.437703
-12604.373284
-12604.309094
-12604.245133
-12604.181397
-12604.117886
-12604.054597
-12603.991529
-12603.928681
-12603.866049
-12603.803634
-12603.741433
-12603.679444
-12603.617666
-12603.556098
-12603.494737
-12603.433582
-12603.372633
-12603.311886
-12603.251341
-12603.190996
-12603.130849
-12603.070900
-12603.011147
-12602.951588
-12602.892222
-12602.833047
-12602.774062
-12602.715267
-12602.656658
-12602.598236
-12602.539999
-12602.481945
-12602.424073
-12602.366382
-12602.308870
-12602.251537
-12602.194381
-12602.137401
-12602.080596
-12602.023964
-12601.967504
-12601.911215
-12601.855097
-12601.799147
-12601.743364
-12601.687748
-12601.632298
-12601.577011
-12601.521888
-12601.466927
-12601.412126
-12601.357486
-12601.303004
-12601.248681
-12601.194514
-12601.140502
-12601.086646
-12601.032943
-12600.979393
-12600.925994
-12600.872747
-12600.819649
-12600.766700
-12600.713899
-12600.661244
-12600.608736
-12600.556373
-12600.504154
-12600.452078
-12600.400145
-12600.348353
-12600.296702
-12600.245191
-12600.193818
-12600.142583
-12600.091486
-12600.040525
-12599.989699
-12599.939009
-12599.888452
-12599.838028
-12599.787736
-12599.737576
-12599.687547
-12599.637647
-12599.587877
-12599.538235
-12599.488720
-12599.439333
-12599.390072
-12599.340936
-12599.291924
-12599.243037
-12599.194273
-12599.145631
-12599.097112
-12599.048713
-12599.000435
-12598.952276
-12598.904237
-12598.856316
-12598.808513
-12598.760827
-12598.713257
-12598.665803
-12598.618464
-12598.571240
-12598.524129
-12598.477132
-12598.430247
-12598.383475
-12598.336813
-12598.290263
-12598.243822
-12598.197492
-12598.151270
-12598.105156
-12598.059151
-12598.013253
-12597.967461
-12597.921775
-12597.876196
-12597.830721
-12597.785350
-12597.740084
-12597.694920
-12597.649860
-12597.604902
-12597.560046
-12597.515290
-12597.470636
-12597.426082
-12597.381628
-12597.337272
-12597.293016
-12597.248857
-12597.204797
-12597.160833
-12597.116967
-12597.073196
-12597.029521
-12596.985942
-12596.942457
-12596.899067
-12596.855771
-12596.812568
-12596.769458
-12596.726440
-12596.683515
-12596.640681
-12596.597939
-12596.555287
-12596.512726
-12596.470254
-12596.427872
-12596.385579
-12596.343374
-12596.301258
-12596.259230
-12596.217289
-12596.175434
-12596.133667
-12596.091986
-12596.050390
-12596.008880
-12595.967454
-12595.926114
-12595.884857
-12595.843685
-12595.802595
-12595.761589
-12595.720666
-12595.679825
-12595.639066
-12595.598388
-12595.557792
-12595.517276
-12595.476841
-12595.436486
-12595.396211
-12595.356016
-12595.315899
-12595.275861
-12595.235902
-12595.196021
-12595.156217
-12595.116491
-12595.076842
-12595.037270
-12594.997774
-12594.958354
-12594.919010
-12594.879741
-12594.840548
-12594.801429
-12594.762385
-12594.723415
-12594.684519
-12594.645697
-12594.606948
-12594.568272
-12594.529668
-12594.491137
-12594.452678
-12594.414290
-12594.375975
-12594.337730
-12594.299556
-12594.261453
-12594.223421
-12594.185458
-12594.147565
-12594.109742
-12594.071988
-12594.034302
-12593.996686
-12593.959138
-12593.921658
-12593.884246
-12593.846902
-12593.809625
-12593.772415
-12593.735272
-12593.698195
-12593.661185
-12593.624241
-12593.587363
-12593.550550
-12593.513802
-12593.477120
-12593.440503
-12593.403950
-12593.367461
-12593.331037
-12593.294676
-12593.258379
-12593.222145
-12593.185975
-12593.149867
-12593.113823
-12593.077840
-12593.041920
-12593.006062
-12592.970266
-12592.934531
-12592.898857
-12592.863245
-12592.827693
-12592.792203
-12592.756772
-12592.721402
-12592.686092
-12592.650842
-12592.615651
-12592.580520
-12592.545448
-12592.510435
-12592.475480
-12592.440584
-12592.405747
-12592.370968
-12592.336246
-12592.301583
-12592.266977
-12592.232428
-12592.197937
-12592.163502
-12592.129124
-12592.094803
-12592.060538
-12592.026330
-12591.992177
-12591.958080
-12591.924039
-12591.890054
-12591.856123
-12591.822248
-12591.788427
-12591.754662
-12591.720950
-12591.687293
-12591.653691
-12591.620142
-12591.586647
-12591.553206
-12591.519818
-12591.486484
-12591.453202
-12591.419974
-12591.386798
-12591.353675
-12591.320605
-12591.287586
-12591.254620
-12591.221706
-12591.188843
-12591.156033
-12591.123273
-12591.090565
-12591.057908
-12591.025302
-12590.992747
-12590.960242
-12590.927788
-12590.895384
-12590.863031
-12590.830727
-12590.798473
-12590.766269
-12590.734115
-12590.702010
-12590.669954
-12590.637948
-12590.605990
-12590.574081
-12590.542221
-12590.510409
-12590.478646
-12590.446931
-12590.415264
-12590.383644
-12590.352073
-12590.320549
-12590.289073
-12590.257644
-12590.226263
-12590.194928
-12590.163641
-12590.132400
-12590.101206
-12590.070059
-12590.038957
-12590.007903
-12589.976894
-12589.945931
-12589.915014
-12589.884143
-12589.853317
-12589.822537
-12589.791803
-12589.761113
-12589.730468
-12589.699869
-12589.669314
-12589.638804
-12589.608339
-12589.577918
-12589.547541
-12589.517208
-12589.486920
-12589.456675
-12589.426475
-12589.396317
-12589.366204
-12589.336134
-12589.306107
-12589.276124
-12589.246183
-12589.216286
-12589.186431
-12589.156619
-12589.126850
-12589.097123
-12589.067439
-12589.037797
-12589.008197
-12588.978639
-12588.949123
-12588.919649
-12588.890216
-12588.860825
-12588.831476
-12588.802168
-12588.772901
-12588.743675
-12588.714490
-12588.685347
-12588.656244
-12588.627181
-12588.598159
-12588.569178
-12588.540237
-12588.511337
-12588.482476
-12588.453656
-12588.424876
-12588.396135
-12588.367434
-12588.338773
-12588.310151
-12588.281569
-12588.253026
-12588.224522
-12588.196058
-12588.167632
-12588.139245
-12588.110898
-12588.082588
-12588.054318
-12588.026086
-12587.997892
-12587.969737
-12587.941620
-12587.913541
-12587.885500
-12587.857497
-12587.829532
-12587.801605
-12587.773715
-12587.745863
-12587.718049
-12587.690271
-12587.662531
-12587.634828
-12587.607162
-12587.579534
-12587.551942
-12587.524387
-12587.496868
-12587.469387
-12587.441941
-12587.414533
-12587.387160
-12587.359824
-12587.332524
-12587.305260
-12587.278032
-12587.250840
-12587.223684
-12587.196563
-12587.169478
-12587.142429
-12587.115415
-12587.088437
-12587.061494
-12587.034586
-12587.007713
-12586.980875
-12586.954073
-12586.927305
-12586.900572
-12586.873873
-12586.847209
-12586.820580
-12586.793985
-12586.767425
-12586.740899
-12586.714407
-12586.687949
-12586.661525
-12586.635136
-12586.608780
-12586.582458
-12586.556169
-12586.529915
-12586.503694
-12586.477506
-12586.451352
-12586.425231
-12586.399143
-12586.373089
-12586.347068
-12586.321079
-12586.295124
-12586.269201
-12586.243312
-12586.217455
-12586.191631
-12586.165839
-12586.140080
-12586.114353
-12586.088658
-12586.062996
-12586.037366
-12586.011768
-12585.986202
-12585.960668
-12585.935166
-12585.909696
-12585.884258
-12585.858851
-12585.833476
-12585.808133
-12585.782821
-12585.757540
-12585.732291
-12585.707072
-12585.681886
-12585.656730
-12585.631605
-12585.606511
-12585.581449
-12585.556417
-12585.531415
-12585.506445
-12585.481505
-12585.456596
-12585.431717
-12585.406869
-12585.382051
-12585.357263
-12585.332505
-12585.307778
-12585.283081
-12585.258414
-12585.233777
-12585.209169
-12585.184592
-12585.160044
-12585.135526
-12585.111038
-12585.086579
-12585.062150
-12585.037750
-12585.013379
-12584.989038
-12584.964727
-12584.940444
-12584.916190
-12584.891966
-12584.867770
-12584.843604
-12584.819466
-12584.795357
-12584.771277
-12584.747226
-12584.723203
-12584.699209
-12584.675244
-12584.651306
-12584.627398
-12584.603517
-12584.579665
-12584.555841
-12584.532045
-12584.508277
-12584.484538
-12584.460826
-12584.437142
-12584.413486
-12584.389858
-12584.366258
-12584.342685
-12584.319140
-12584.295622
-12584.272132
-12584.248670
-12584.225234
-12584.201826
-12584.178446
-12584.155092
-12584.131766
-12584.108467
-12584.085195
-12584.061950
-12584.038732
-12584.015541
-12583.992377
-12583.969239
-12583.946128
-12583.923044
-12583.899986
-12583.876955
-12583.853951
-12583.830973
-12583.808021
-12583.785096
-12583.762197
-12583.739324
-12583.716477
-12583.693657
-12583.670862
-12583.648094
-12583.625352
-12583.602635
-12583.579944
-12583.557280
-12583.534641
-12583.512027
-12583.489440
-12583.466877
-12583.444341
-12583.421830
-12583.399344
-12583.376884
-12583.354449
-12583.332040
-12583.309656
-12583.287297
-12583.264963
-12583.242654
-12583.220370
-12583.198112
-12583.175878
-12583.153669
-12583.131485
-12583.109326
-12583.087192
-12583.065082
-12583.042997
-12583.020936
-12582.998901
-12582.976889
-12582.954902
-12582.932940
-12582.911002
-12582.889088
-12582.867199
-12582.845334
-12582.823493
-12582.801676
-12582.779883
-12582.758114
-12582.736370
-12582.714649
-12582.692952
-12582.671279
-12582.649630
-12582.628004
-12582.606403
-12582.584825
-12582.563270
-12582.541740
-12582.520232
-12582.498749
-12582.477288
-12582.455851
-12582.434438
-12582.413048
-12582.391681
-12582.370337
-12582.349017
-12582.327720
-12582.306445
-12582.285194
-12582.263966
-12582.242761
-12582.221579
-12582.200420
-12582.179283
-12582.158169
-12582.137079
-12582.116010
-12582.094965
-12582.073942
-12582.052942
-12582.031964
-12582.011009
-12581.990076
-12581.969166
-12581.948278
-12581.927412
-12581.906569
-12581.885748
-12581.864949
-12581.844172
-12581.823418
-12581.802685
-12581.781975
-12581.761287
-12581.740620
-12581.719976
-12581.699353
-12581.678752
-12581.658174
-12581.637616
-12581.617081
-12581.596567
-12581.576075
-12581.555605
-12581.535156
-12581.514729
-12581.494323
-12581.473939
-12581.453576
-12581.433234
-12581.412914
-12581.392615
-12581.372338
-12581.352081
-12581.331846
-12581.311632
-12581.291439
-12581.271268
-12581.251117
-12581.230987
-12581.210878
-12581.190790
-12581.170723
-12581.150677
-12581.130652
-12581.110647
-12581.090664
-12581.070700
-12581.050758
-12581.030836
-12581.010935
-12580.991055
-12580.971194
-12580.951355
-12580.931536
-12580.911737
-12580.891959
-12580.872201
-12580.852463
-12580.832746
-12580.813048
-12580.793371
-12580.773715
-12580.754078
-12580.734461
-12580.714865
-12580.695288
-12580.675732
-12580.656196
-12580.636679
-12580.617182
-12580.597705
-12580.578248
-12580.558811
-12580.539394
-12580.519996
-12580.500618
-12580.481259
-12580.461921
-12580.442601
-12580.423302
-12580.404022
-12580.384761
-12580.365520
-12580.346298
-12580.327096
-12580.307913
-12580.288749
-12580.269604
-12580.250479
-12580.231373
-12580.212287
-12580.193219
-12580.174170
-12580.155141
-12580.136131
-12580.117139
-12580.098167
-12580.079214
-12580.060279
-12580.041364
-12580.022467
-12580.003589
-12579.984730
-12579.965890
-12579.947069
-12579.928266
-12579.909482
-12579.890716
-12579.871969
-12579.853241
-12579.834531
-12579.815840
-12579.797168
-12579.778513
-12579.759878
-12579.741260
-12579.722661
-12579.704080
-12579.685518
-12579.666974
-12579.648448
-12579.629941
-12579.611451
-12579.592980
-12579.574527
-12579.556092
-12579.537675
-12579.519276
-12579.500895
-12579.482532
-12579.464187
-12579.445860
-12579.427551
-12579.409259
-12579.390986
-12579.372730
-12579.354492
-12579.336272
-12579.318070
-12579.299885
-12579.281718
-12579.263569
-12579.245437
-12579.227323
-12579.209226
-12579.191147
-12579.173085
-12579.155041
-12579.137014
-12579.119005
-12579.101013
-12579.083038
-12579.065081
-12579.047141
-12579.029218
-12579.011313
-12578.993425
-12578.975553
-12578.957699
-12578.939863
-12578.922043
-12578.904240
-12578.886455
-12578.868686
-12578.850935
-12578.833200
-12578.815482
-12578.797782
-12578.780098
-12578.762431
-12578.744781
-12578.727147
-12578.709531
-12578.691931
-12578.674348
-12578.656782
-12578.639232
-12578.621699
-12578.604183
-12578.586683
-12578.569199
-12578.551733
-12578.534283
-12578.516849
-12578.499432
-12578.482031
-12578.464647
-12578.447279
-12578.429927
-12578.412592
-12578.395273
-12578.377970
-12578.360684
-12578.343414
-12578.326160
-12578.308922
-12578.291700
-12578.274495
-12578.257305
-12578.240132
-12578.222975
-12578.205834
-12578.188709
-12578.171600
-12578.154506
-12578.137429
-12578.120368
-12578.103322
-12578.086293
-12578.069279
-12578.052281
-12578.035299
-12578.018333
-12578.001382
-12577.984447
-12577.967528
-12577.950625
-12577.933737
-12577.916865
-12577.900008
-12577.883167
-12577.866341
-12577.849531
-12577.832737
-12577.815958
-12577.799194
-12577.782446
-12577.765714
-12577.748996
-12577.732295
-12577.715608
-12577.698937
-12577.682281
-12577.665640
-12577.649015
-12577.632405
-12577.615810
-12577.599230
-12577.582665
-12577.566116
-12577.549581
-12577.533062
-12577.516558
-12577.500068
-12577.483594
-12577.467135
-12577.450691
-12577.434262
-12577.417847
-12577.401448
-12577.385064
-12577.368694
-12577.352339
-12577.335999
-12577.319674
-12577.303364
-12577.287068
-12577.270787
-12577.254521
-12577.238269
-12577.222033
-12577.205810
-12577.189603
-12577.173410
-12577.157232
-12577.141068
-12577.124918
-12577.108784
-12577.092663
-12577.076558
-12577.060466
-12577.044389
-12577.028327
-12577.012279
-12576.996245
-12576.980226
-12576.964221
-12576.948230
-12576.932254
-12576.916291
-12576.900343
-12576.884410
-12576.868490
-12576.852585
-12576.836694
-12576.820817
-12576.804954
-12576.789105
-12576.773270
-12576.757449
-12576.741643
-12576.725850
-12576.710071
-12576.694307
-12576.678556
-12576.662819
-12576.647096
-12576.631387
-12576.615692
-12576.600011
-12576.584344
-12576.568690
-12576.553050
-12576.537424
-12576.521812
-12576.506213
-12576.490628
-12576.475057
-12576.459500
-12576.443956
-12576.428426
-12576.412909
-12576.397406
-12576.381917
-12576.366441
-12576.350979
-12576.335530
-12576.320095
-12576.304673
-12576.289264
-12576.273870
-12576.258488
-12576.243120
-12576.227765
-12576.212424
-12576.197096
-12576.181781
-12576.166480
-12576.151192
-12576.135917
-12576.120656
-12576.105407
-12576.090172
-12576.074950
-12576.059741
-12576.044546
-12576.029363
-12576.014194
-12575.999038
-12575.983895
-12575.968765
-12575.953647
-12575.938543
-12575.923452
-12575.908374
-12575.893309
-12575.878257
-12575.863218
-12575.848192
-12575.833178
-12575.818178
-12575.803190
-12575.788216
-12575.773254
-12575.758304
-12575.743368
-12575.728444
-12575.713534
-12575.698636
-12575.683750
-12575.668877
-12575.654017
-12575.639170
-12575.624335
-12575.609513
-12575.594704
-12575.579907
-12575.565123
-12575.550351
-12575.535592
-12575.520845
-12575.506111
-12575.491389
-12575.476680
-12575.461983
-12575.447299
-12575.432627
-12575.417967
-12575.403320
-12575.388685
-12575.374063
-12575.359453
-12575.344855
-12575.330270
-12575.315697
-12575.301136
-12575.286587
-12575.272050
-12575.257526
-12575.243014
-12575.228514
-12575.214026
-12575.199551
-12575.185087
-12575.170636
-12575.156197
-12575.141770
-12575.127355
-12575.112951
-12575.098560
-12575.084181
-12575.069814
-12575.055459
-12575.041116
-12575.026785
-12575.012466
-12574.998159
-12574.983863
-12574.969580
-12574.955308
-12574.941048
-12574.926800
-12574.912564
-12574.898339
-12574.884127
-12574.869926
-12574.855737
-12574.841560
-12574.827394
-12574.813240
-12574.799098
-12574.784967
-12574.770848
-12574.756741
-12574.742645
-12574.728561
-12574.714489
-12574.700428
-12574.686378
-12574.672340
-12574.658314
-12574.644299
-12574.630296
-12574.616304
-12574.602324
-12574.588355
-12574.574397
-12574.560451
-12574.546517
-12574.532593
-12574.518682
-12574.504781
-12574.490892
-12574.477014
-12574.463147
-12574.449292
-12574.435448
-12574.421615
-12574.407794
-12574.393984
-12574.380185
-12574.366397
-12574.352620
-12574.338855
-12574.325100
-12574.311357
-12574.297625
-12574.283904
-12574.270194
-12574.256495
-12574.242808
-12574.229131
-12574.215465
-12574.201811
-12574.188167
-12574.174535
-12574.160913
-12574.147302
-12574.133703
-12574.120114
-12574.106536
-12574.092969
-12574.079413
-12574.065868
-12574.052333
-12574.038810
-12574.025297
-12574.011795
-12573.998304
-12573.984824
-12573.971355
-12573.957896
-12573.944448
-12573.931011
-12573.917584
-12573.904168
-12573.890763
-12573.877369
-12573.863985
-12573.850612
-12573.837249
-12573.823897
-12573.810556
-12573.797225
-12573.783905
-12573.770595
-12573.757296
-12573.744008
-12573.730730
-12573.717462
-12573.704205
-12573.690958
-12573.677722
-12573.664497
-12573.651282
-12573.638077
-12573.624882
-12573.611698
-12573.598525
-12573.585361
-12573.572209
-12573.559066
-12573.545934
-12573.532812
-12573.519700
-12573.506599
-12573.493508
-12573.480427
-12573.467356
-12573.454296
-12573.441246
-12573.428206
-12573.415176
-12573.402157
-12573.389147
-12573.376148
-12573.363159
-12573.350180
-12573.337211
-12573.324252
-12573.311303
-12573.298365
-12573.285436
-12573.272517
-12573.259609
-12573.246710
-12573.233822
-12573.220943
-12573.208075
-12573.195216
-12573.182367
-12573.169529
-12573.156700
-12573.143881
-12573.131072
-12573.118273
-12573.105484
-12573.092704
-12573.079935
-12573.067175
-12573.054425
-12573.041685
-12573.028955
-12573.016234
-12573.003524
-12572.990823
-12572.978132
-12572.965450
-12572.952778
-12572.940116
-12572.927464
-12572.914821
-12572.902188
-12572.889565
-12572.876951
-12572.864347
-12572.851752
-12572.839168
-12572.826592
-12572.814027
-12572.801470
-12572.788924
-12572.776387
-12572.763859
-12572.751341
-12572.738833
-12572.726334
-12572.713844
-12572.701364
-12572.688894
-12572.676432
-12572.663981
-12572.651538
-12572.639106
-12572.626682
-12572.614268
-12572.601863
-12572.589468
-12572.577082
-12572.564705
-12572.552338
-12572.539980
-12572.527631
-12572.515291
-12572.502961
-12572.490640
-12572.478328
-12572.466026
-12572.453733
-12572.441449
-12572.429174
-12572.416908
-12572.404652
-12572.392405
-12572.380167
-12572.367938
-12572.355718
-12572.343507
-12572.331305
-12572.319113
-12572.306929
-12572.294755
-12572.282590
-12572.270434
-12572.258286
-12572.246148
-12572.234019
-12572.221899
-12572.209788
-12572.197686
-12572.185592
-12572.173508
-12572.161433
-12572.149367
-12572.137309
-12572.125261
-12572.113221
-12572.101190
-12572.089168
-12572.077155
-12572.065151
-12572.053156
-12572.041170
-12572.029192
-12572.017223
-12572.005263
-12571.993312
-12571.981369
-12571.969436
-12571.957511
-12571.945595
-12571.933687
-12571.921788
-12571.909898
-12571.898017
-12571.886145
-12571.874281
-12571.862425
-12571.850579
-12571.838741
-12571.826911
-12571.815091
-12571.803279
-12571.791475
-12571.779680
-12571.767894
-12571.756116
-12571.744347
-12571.732586
-12571.720834
-12571.709091
-12571.697355
-12571.685629
-12571.673911
-12571.662201
-12571.650500
-12571.638807
-12571.627123
-12571.615448
-12571.603780
-12571.592121
-12571.580471
-12571.568829
-12571.557195
-12571.545570
-12571.533953
-12571.522344
-12571.510744
-12571.499152
-12571.487568
-12571.475993
-12571.464426
-12571.452867
-12571.441317
-12571.429775
-12571.418241
-12571.406715
-12571.395198
-12571.383689
-12571.372188
-12571.360695
-12571.349210
-12571.337734
-12571.326266
-12571.314806
-12571.303354
-12571.291910
-12571.280475
-12571.269047
-12571.257628
-12571.246217
-12571.234814
-12571.223419
-12571.212032
-12571.200653
-12571.189282
-12571.177920
-12571.166565
-12571.155218
-12571.143880
-12571.132549
-12571.121226
-12571.109912
-12571.098605
-12571.087306
-12571.076016
-12571.064733
-12571.053458
-12571.042191
-12571.030932
-12571.019681
-12571.008438
-12570.997203
-12570.985975
-12570.974756
-12570.963544
-12570.952340
-12570.941144
-12570.929956
-12570.918776
-12570.907603
-12570.896438
-12570.885282
-12570.874132
-12570.862991
-12570.851857
-12570.840732
-12570.829614
-12570.818503
-12570.807401
-12570.796306
-12570.785218
-12570.774139
-12570.763067
-12570.752003
-12570.740947
-12570.729898
-12570.718857
-12570.707823
-12570.696797
-12570.685779
-12570.674768
-12570.663765
-12570.652770
-12570.641782
-12570.630802
-12570.619829
-12570.608864
-12570.597906
-12570.586956
-12570.576014
-12570.565079
-12570.554151
-12570.543231
-12570.532319
-12570.521414
-12570.510516
-12570.499626
-12570.488744
-12570.477868
-12570.467001
-12570.456140
-12570.445288
-12570.434442
-12570.423604
-12570.412774
-12570.401950
-12570.391134
-12570.380326
-12570.369525
-12570.358731
-12570.347944
-12570.337165
-12570.326394
-12570.315629
-12570.304872
-12570.294122
-12570.283379
-12570.272644
-12570.261916
-12570.251195
-12570.240482
-12570.229775
-12570.219076
-12570.208384
-12570.197700
-12570.187022
-12570.176352
-12570.165689
-12570.155033
-12570.144385
-12570.133743
-12570.123109
-12570.112482
-12570.101862
-12570.091249
-12570.080643
-12570.070044
-12570.059453
-12570.048868
-12570.038291
-12570.027721
-12570.017158
-12570.006601
-12569.996052
-12569.985510
-12569.974975
-12569.964447
-12569.953926
-12569.943412
-12569.932905
-12569.922405
-12569.911912
-12569.901426
-12569.890947
-12569.880475
-12569.870010
-12569.859552
-12569.849101
-12569.838657
-12569.828219
-12569.817789
-12569.807365
-12569.796949
-12569.786539
-12569.776136
-12569.765740
-12569.755351
-12569.744969
-12569.734593
-12569.724225
-12569.713863
-12569.703508
-12569.693160
-12569.682819
-12569.672484
-12569.662156
-12569.651835
-12569.641521
-12569.631214
-12569.620913
-12569.610619
-12569.600332
-12569.590052
-12569.579778
-12569.569511
-12569.559251
-12569.548997
-12569.538751
-12569.528511
-12569.518277
-12569.508050
-12569.497830
-12569.487617
-12569.477410
-12569.467210
-12569.457016
-12569.446829
-12569.436649
-12569.426475
-12569.416308
-12569.406148
-12569.395994
-12569.385846
-12569.375706
-12569.365571
-12569.355444
-12569.345323
-12569.335208
-12569.325100
-12569.314999
-12569.304904
-12569.294815
-12569.284733
-12569.274658
-12569.264589
-12569.254526
-12569.244470
-12569.234421
-12569.224377
-12569.214341
-12569.204311
-12569.194287
-12569.184269
-12569.174258
-12569.164254
-12569.154256
