-13140.184654
-12552.619182
-11883.922160
-11738.770418
-11687.659545
-11657.402391
-11636.481617
-11620.956153
-11608.846350
-11599.045137
-11590.886731
-11583.945898
-11577.937237
-11572.661254
-11567.973777
-11563.767696
-11559.961575
-11556.492264
-11553.309959
-11550.374782
-11547.654386
-11545.122212
-11542.756217
-11540.537924
-11538.451704
-11536.484225
-11534.624032
-11532.861208
-11531.187117
-11529.594191
-11528.075763
-11526.625929
-11525.239440
-11523.911605
-11522.638217
-11521.415490
-11520.240007
-11519.108668
-11518.018660
-11516.967419
-11515.952603
-11514.972068
-11514.023844
-11513.106123
-11512.217235
-11511.355642
-11510.519917
-11509.708740
-11508.920885
-11508.155214
-11507.410665
-11506.686248
-11505.981039
-11505.294175
-11504.624845
-11503.972292
-11503.335803
-11502.714709
-11502.108380
-11501.516223
-11500.937678
-11500.372219
-11499.819345
-11499.278585
-11498.749492
-11498.231643
-11497.724636
-11497.228091
-11496.741645
-11496.264953
-11495.797689
-11495.339540
-11494.890209
-11494.449411
-11494.016878
-11493.592349
-11493.175578
-11492.766328
-11492.364374
-11491.969498
-11491.581493
-11491.200161
-11490.825311
-11490.456758
-11490.094328
-11489.737852
-11489.387167
-11489.042116
-11488.702551
-11488.368325
-11488.039300
-11487.715341
-11487.396318
-11487.082108
-11486.772590
-11486.467647
-11486.167168
-11485.871043
-11485.579168
-11485.291443
-11485.007769
-11484.728051
-11484.452198
-11484.180121
-11483.911735
-11483.646956
-11483.385703
-11483.127900
-11482.873469
-11482.622339
-11482.374436
-11482.129694
-11481.888044
-11481.649421
-11481.413763
-11481.181007
-11480.951095
-11480.723969
-11480.499572
-11480.277849
-11480.058748
-11479.842217
-11479.628204
-11479.416662
-11479.207543
-11479.000800
-11478.796388
-11478.594262
-11478.394381
-11478.196703
-11478.001185
-11477.807790
-11477.616478
-11477.427212
-11477.239955
-11477.054670
-11476.871323
-11476.689880
-11476.510307
-11476.332572
-11476.156644
-11475.982490
-11475.810081
-11475.639387
-11475.470380
-11475.303030
-11475.137311
-11474.973195
-11474.810657
-11474.649669
-11474.490208
-11474.332248
-11474.175765
-11474.020736
-11473.867138
-11473.714947
-11473.564142
-11473.414702
-11473.266604
-11473.119829
-11472.974355
-11472.830164
-11472.687235
-11472.545549
-11472.405088
-11472.265834
-11472.127768
-11471.990873
-11471.855131
-11471.720526
-11471.587041
-11471.454660
-11471.323366
-11471.193145
-11471.063980
-11470.935858
-11470.808762
-11470.682679
-11470.557594
-11470.433493
-11470.310364
-11470.188191
-11470.066962
-11469.946664
-11469.827285
-11469.708812
-11469.591232
-11469.474534
-11469.358705
-11469.243734
-11469.129610
-11469.016322
-11468.903858
-11468.792208
-11468.681360
-11468.571305
-11468.462032
-11468.353532
-11468.245793
-11468.138808
-11468.032564
-11467.927055
-11467.822269
-11467.718198
-11467.614834
-11467.512167
-11467.410188
-11467.308889
-11467.208262
-11467.108298
-11467.008990
-11466.910329
-11466.812307
-11466.714916
-11466.618150
-11466.522001
-11466.426460
-11466.331521
-11466.237178
-11466.143421
-11466.050246
-11465.957645
-11465.865611
-11465.774138
-11465.683218
-11465.592847
-11465.503018
-11465.413723
-11465.324958
-11465.236716
-11465.148991
-11465.061778
-11464.975070
-11464.888862
-11464.803149
-11464.717924
-11464.633184
-11464.548921
-11464.465131
-11464.381810
-11464.298950
-11464.216549
-11464.134600
-11464.053099
-11463.972041
-11463.891421
-11463.811235
-11463.731478
-11463.652145
-11463.573233
-11463.494736
-11463.416650
-11463.338972
-11463.261696
-11463.184818
-11463.108336
-11463.032244
-11462.956538
-11462.881215
-11462.806270
-11462.731701
-11462.657502
-11462.583671
-11462.510204
-11462.437097
-11462.364347
-11462.291949
-11462.219901
-11462.148199
-11462.076841
-11462.005821
-11461.935138
-11461.864788
-11461.794766
-11461.725073
-11461.655703
-11461.586652
-11461.517920
-11461.449501
-11461.381395
-11461.313598
-11461.246105
-11461.178917
-11461.112028
-11461.045436
-11460.979139
-11460.913133
-11460.847419
-11460.781989
-11460.716844
-11460.651980
-11460.587396
-11460.523089
-11460.459057
-11460.395295
-11460.331803
-11460.268578
-11460.205618
-11460.142920
-11460.080482
-11460.018301
-11459.956376
-11459.894705
-11459.833285
-11459.772115
-11459.711192
-11459.650514
-11459.590079
-11459.529884
-11459.469929
-11459.410212
-11459.350729
-11459.291478
-11459.232459
-11459.173670
-11459.115108
-11459.056771
-11458.998659
-11458.940768
-11458.883098
-11458.825646
-11458.768411
-11458.711392
-11458.654585
-11458.597991
-11458.541606
-11458.485430
-11458.429461
-11458.373698
-11458.318137
-11458.262780
-11458.207622
-11458.152663
-11458.097902
-11458.043338
-11457.988968
-11457.934791
-11457.880806
-11457.827011
-11457.773405
-11457.719987
-11457.666755
-11457.613708
-11457.560844
-11457.508162
-11457.455662
-11457.403341
-11457.351198
-11457.299232
-11457.247442
-11457.195827
-11457.144385
-11457.093114
-11457.042015
-11456.991086
-11456.940325
-11456.889731
-11456.839304
-11456.789041
-11456.738943
-11456.689007
-11456.639233
-11456.589620
-11456.540166
-11456.490871
-11456.441733
-11456.392752
-11456.343926
-11456.295254
-11456.246736
-11456.198370
-11456.150155
-11456.102091
-11456.054176
-11456.006409
-11455.958790
-11455.911317
-11455.863990
-11455.816807
-11455.769769
-11455.722873
-11455.676119
-11455.629505
-11455.583033
-11455.536699
-11455.490503
-11455.444446
-11455.398524
-11455.352739
-11455.307089
-11455.261573
-11455.216190
-11455.170940
-11455.125821
-11455.080834
-11455.035977
-11454.991249
-11454.946649
-11454.902178
-11454.857833
-11454.813615
-11454.769523
-11454.725555
-11454.681712
-11454.637991
-11454.594395
-11454.550919
-11454.507564
-11454.464331
-11454.421217
-11454.378222
-11454.335347
-11454.292588
-11454.249946
-11454.207423
-11454.165013
-11454.122719
-11454.080539
-11454.038475
-11453.996522
-11453.954683
-11453.912954
-11453.871338
-11453.829832
-11453.788437
-11453.747151
-11453.705975
-11453.664906
-11453.623945
-11453.583092
-11453.542344
-11453.501703
-11453.461167
-11453.420736
-11453.380409
-11453.340186
-11453.300067
-11453.260049
-11453.220134
-11453.180320
-11453.140608
-11453.100995
-11453.061483
-11453.022070
-11452.982757
-11452.943541
-11452.904423
-11452.865403
-11452.826479
-11452.787652
-11452.748921
-11452.710285
-11452.671744
-11452.633297
-11452.594944
-11452.556685
-11452.518519
-11452.480445
-11452.442463
-11452.404572
-11452.366773
-11452.329064
-11452.291445
-11452.253916
-11452.216477
-11452.179126
-11452.141863
-11452.104689
-11452.067602
-11452.030602
-11451.993689
-11451.956862
-11451.920120
-11451.883464
-11451.846893
-11451.810407
-11451.774005
-11451.737686
-11451.701451
-11451.665298
-11451.629228
-11451.593240
-11451.557334
-11451.521510
-11451.485766
-11451.450102
-11451.414519
-11451.379016
-11451.343592
-11451.308247
-11451.272981
-11451.237793
-11451.202682
-11451.167650
-11451.132694
-11451.097816
-11451.063014
-11451.028288
-11450.993637
-11450.959062
-11450.924563
-11450.890137
-11450.855786
-11450.821510
-11450.787306
-11450.753177
-11450.719120
-11450.685135
-11450.651224
-11450.617384
-11450.583615
-11450.549918
-11450.516293
-11450.482737
-11450.449253
-11450.415838
-11450.382493
-11450.349217
-11450.316010
-11450.282873
-11450.249804
-11450.216802
-11450.183869
-11450.151004
-11450.118205
-11450.085474
-11450.052809
-11450.020211
-11449.987679
-11449.955213
-11449.922812
-11449.890476
-11449.858206
-11449.826000
-11449.793858
-11449.761780
-11449.729767
-11449.697817
-11449.665930
-11449.634106
-11449.602345
-11449.570646
-11449.539009
-11449.507434
-11449.475921
-11449.444470
-11449.413079
-11449.381750
-11449.350481
-11449.319272
-11449.288123
-11449.257035
-11449.226005
-11449.195036
-11449.164125
-11449.133273
-11449.102480
-11449.071745
-11449.041068
-11449.010448
-11448.979887
-11448.949383
-11448.918936
-11448.888546
-11448.858212
-11448.827936
-11448.797715
-11448.767550
-11448.737441
-11448.707387
-11448.677389
-11448.647446
-11448.617557
-11448.587723
-11448.557944
-11448.528219
-11448.498547
-11448.468930
-11448.439365
-11448.409855
-11448.380397
-11448.350992
-11448.321640
-11448.292340
-11448.263092
-11448.233897
-11448.204753
-11448.175661
-11448.146620
-11448.117631
-11448.088692
-11448.059804
-11448.030967
-11448.002180
-11447.973444
-11447.944757
-11447.916121
-11447.887534
-11447.858996
-11447.830507
-11447.802068
-11447.773677
-11447.745336
-11447.717042
-11447.688797
-11447.660600
-11447.632451
-11447.604349
-11447.576296
-11447.548289
-11447.520330
-11447.492418
-11447.464552
-11447.436733
-11447.408961
-11447.381235
-11447.353555
-11447.325921
-11447.298333
-11447.270791
-11447.243294
-11447.215842
-11447.188435
-11447.161074
-11447.133757
-11447.106484
-11447.079256
-11447.052073
-11447.024933
-11446.997838
-11446.970786
-11446.943778
-11446.916813
-11446.889892
-11446.863014
-11446.836179
-11446.809386
-11446.782637
-11446.755930
-11446.729265
-11446.702642
-11446.676062
-11446.649524
-11446.623027
-11446.596572
-11446.570159
-11446.543786
-11446.517455
-11446.491165
-11446.464916
-11446.438708
-11446.412540
-11446.386413
-11446.360326
-11446.334280
-11446.308273
-11446.282306
-11446.256379
-11446.230492
-11446.204644
-11446.178836
-11446.153067
-11446.127337
-11446.101646
-11446.075994
-11446.050380
-11446.024805
-11445.999268
-11445.973770
-11445.948310
-11445.922888
-11445.897504
-11445.872158
-11445.846849
-11445.821578
-11445.796344
-11445.771148
-11445.745988
-11445.720866
-11445.695781
-11445.670732
-11445.645720
-11445.620745
-11445.595806
-11445.570904
-11445.546037
-11445.521207
-11445.496413
-11445.471654
-11445.446932
-11445.422244
-11445.397593
-11445.372977
-11445.348396
-11445.323850
-11445.299339
-11445.274863
-11445.250422
-11445.226016
-11445.201644
-11445.177307
-11445.153004
-11445.128736
-11445.104501
-11445.080301
-11445.056134
-11445.032002
-11445.007903
-11444.983838
-11444.959806
-11444.935808
-11444.911843
-11444.887911
-11444.864013
-11444.840147
-11444.816314
-11444.792514
-11444.768747
-11444.745013
-11444.721311
-11444.697641
-11444.674004
-11444.650398
-11444.626826
-11444.603285
-11444.579775
-11444.556298
-11444.532853
-11444.509439
-11444.486057
-11444.462706
-11444.439386
-11444.416098
-11444.392841
-11444.369615
-11444.346420
-11444.323256
-11444.300122
-11444.277020
-11444.253948
-11444.230906
-11444.207895
-11444.184915
-11444.161964
-11444.139044
-11444.116154
-11444.093294
-11444.070463
-11444.047663
-11444.024893
-11444.002152
-11443.979440
-11443.956758
-11443.934106
-11443.911483
-11443.888889
-11443.866324
-11443.843788
-11443.821281
-11443.798804
-11443.776355
-11443.753935
-11443.731543
-11443.709180
-11443.686846
-11443.664540
-11443.642262
-11443.620012
-11443.597791
-11443.575598
-11443.553433
-11443.531296
-11443.509187
-11443.487105
-11443.465052
-11443.443026
-11443.421027
-11443.399056
-11443.377113
-11443.355197
-11443.333308
-11443.311446
-11443.289612
-11443.267804
-11443.246024
-11443.224270
-11443.202543
-11443.180843
-11443.159170
-11443.137523
-11443.115903
-11443.094310
-11443.072742
-11443.051202
-11443.029687
-11443.008199
-11442.986736
-11442.965300
-11442.943890
-11442.922506
-11442.901148
-11442.879815
-11442.858508
-11442.837227
-11442.815971
-11442.794741
-11442.773537
-11442.752357
-11442.731204
-11442.710075
-11442.688971
-11442.667893
-11442.646840
-11442.625812
-11442.604808
-11442.583830
-11442.562877
-11442.541948
-11442.521044
-11442.500164
-11442.479309
-11442.458479
-11442.437673
-11442.416891
-11442.396134
-11442.375400
-11442.354692
-11442.334007
-11442.313346
-11442.292709
-11442.272097
-11442.251508
-11442.230943
-11442.210402
-11442.189884
-11442.169390
-11442.148920
-11442.128473
-11442.108050
-11442.087650
-11442.067274
-11442.046920
-11442.026591
-11442.006284
-11441.986000
-11441.965740
-11441.945502
-11441.925288
-11441.905096
-11441.884927
-11441.864781
-11441.844658
-11441.824557
-11441.804480
-11441.784424
-11441.764391
-11441.744381
-11441.724393
-11441.704428
-11441.684484
-11441.664563
-11441.644665
-11441.624788
-11441.604933
-11441.585101
-11441.565290
-11441.545502
-11441.525735
-11441.505990
-11441.486267
-11441.466565
-11441.446886
-11441.427228
-11441.407591
-11441.387976
-11441.368383
-11441.348811
-11441.329260
-11441.309730
-11441.290222
-11441.270735
-11441.251270
-11441.231825
-11441.212402
-11441.192999
-11441.173618
-11441.154257
-11441.134917
-11441.115598
-11441.096300
-11441.077023
-11441.057766
-11441.038530
-11441.019315
-11441.000120
-11440.980946
-11440.961792
-11440.942658
-11440.923545
-11440.904452
-11440.885379
-11440.866327
-11440.847295
-11440.828283
-11440.809291
-11440.790319
-11440.771367
-11440.752435
-11440.733522
-11440.714630
-11440.695758
-11440.676905
-11440.658072
-11440.639259
-11440.620465
-11440.601691
-11440.582936
-11440.564201
-11440.545485
-11440.526789
-11440.508112
-11440.489455
-11440.470817
-11440.452198
-11440.433598
-11440.415017
-11440.396456
-11440.377913
-11440.359390
-11440.340885
-11440.322400
-11440.303933
-11440.285485
-11440.267056
-11440.248646
-11440.230255
-11440.211882
-11440.193528
-11440.175192
-11440.156875
-11440.138577
-11440.120297
-11440.102035
-11440.083792
-11440.065568
-11440.047361
-11440.029173
-11440.011003
-11439.992852
-11439.974718
-11439.956603
-11439.938506
-11439.920427
-11439.902365
-11439.884322
-11439.866297
-11439.848289
-11439.830300
-11439.812328
-11439.794374
-11439.776438
-11439.758520
-11439.740619
-11439.722736
-11439.704870
-11439.687022
-11439.669191
-11439.651378
-11439.633583
-11439.615805
-11439.598044
-11439.580300
-11439.562574
-11439.544865
-11439.527173
-11439.509499
-11439.491841
-11439.474201
-11439.456578
-11439.438971
-11439.421382
-11439.403810
-11439.386255
-11439.368716
-11439.351195
-11439.333690
-11439.316202
-11439.298731
-11439.281276
-11439.263838
-11439.246417
-11439.229013
-11439.211625
-11439.194253
-11439.176898
-11439.159560
-11439.142238
-11439.124932
-11439.107643
-11439.090370
-11439.073114
-11439.055873
-11439.038649
-11439.021441
-11439.004250
-11438.987074
-11438.969915
-11438.952771
-11438.935644
-11438.918533
-11438.901437
-11438.884358
-11438.867294
-11438.850247
-11438.833215
-11438.816199
-11438.799199
-11438.782214
-11438.765245
-11438.748292
-11438.731355
-11438.714433
-11438.697527
-11438.680636
-11438.663761
-11438.646901
-11438.630057
-11438.613228
-11438.596415
-11438.579617
-11438.562834
-11438.546067
-11438.529315
-11438.512578
-11438.495856
-11438.479149
-11438.462458
-11438.445782
-11438.429121
-11438.412475
-11438.395844
-11438.379228
-11438.362627
-11438.346040
-11438.329469
-11438.312913
-11438.296371
-11438.279845
-11438.263333
-11438.246836
-11438.230353
-11438.213886
-11438.197433
-11438.180994
-11438.164571
-11438.148162
-11438.131767
-11438.115387
-11438.099021
-11438.082670
-11438.066334
-11438.050011
-11438.033704
-11438.017410
-11438.001131
-11437.984866
-11437.968616
-11437.952379
-11437.936157
-11437.919949
-11437.903756
-11437.887576
-11437.871411
-11437.855259
-11437.839122
-11437.822999
-11437.806889
-11437.790794
-11437.774713
-11437.758645
-11437.742592
-11437.726552
-11437.710526
-11437.694514
-11437.678516
-11437.662531
-11437.646560
-11437.630603
-11437.614660
-11437.598730
-11437.582814
-11437.566912
-11437.551023
-11437.535148
-11437.519286
-11437.503438
-11437.487603
-11437.471781
-11437.455973
-11437.440179
-11437.424398
-11437.408630
-11437.392875
-11437.377134
-11437.361406
-11437.345691
-11437.329990
-11437.314302
-11437.298627
-11437.282965
-11437.267316
-11437.251680
-11437.236057
-11437.220448
-11437.204851
-11437.189268
-11437.173697
-11437.158140
-11437.142595
-11437.127063
-11437.111544
-11437.096038
-11437.080545
-11437.065064
-11437.049597
-11437.034142
-11437.018700
-11437.003270
-11436.987854
-11436.972450
-11436.957058
-11436.941679
-11436.926313
-11436.910960
-11436.895619
-11436.880290
-11436.864974
-11436.849670
-11436.834379
-11436.819101
-11436.803835
-11436.788581
-11436.773339
-11436.758110
-11436.742894
-11436.727689
-11436.712497
-11436.697317
-11436.682149
-11436.666994
-11436.651851
-11436.636720
-11436.621601
-11436.606494
-11436.591399
-11436.576317
-11436.561246
-11436.546188
-11436.531141
-11436.516106
-11436.501084
-11436.486073
-11436.471075
-11436.456088
-11436.441113
-11436.426150
-11436.411199
-11436.396260
-11436.381333
-11436.366417
-11436.351513
-11436.336621
-11436.321740
-11436.306872
-11436.292015
-11436.277169
-11436.262336
-11436.247514
-11436.232703
-11436.217904
-11436.203117
-11436.188341
-11436.173577
-11436.158824
-11436.144083
-11436.129353
-11436.114634
-11436.099927
-11436.085232
-11436.070548
-11436.055875
-11436.041213
-11436.026563
-11436.011924
-11435.997297
-11435.982680
-11435.968075
-11435.953482
-11435.938899
-11435.924328
-11435.909767
-11435.895218
-11435.880680
-11435.866153
-11435.851637
-11435.837133
-11435.822639
-11435.808156
-11435.793685
-11435.779224
-11435.764775
-11435.750336
-11435.735908
-11435.721492
-11435.707086
-11435.692691
-11435.678307
-11435.663934
-11435.649571
-11435.635220
-11435.620879
-11435.606549
-11435.592230
-11435.577921
-11435.563623
-11435.549336
-11435.535060
-11435.520794
-11435.506539
-11435.492295
-11435.478061
-11435.463838
-11435.449625
-11435.435423
-11435.421232
-11435.407051
-11435.392880
-11435.378721
-11435.364571
-11435.350432
-11435.336304
-11435.322186
-11435.308078
-11435.293981
-11435.279894
-11435.265817
-11435.251751
-11435.237695
-11435.223650
-11435.209614
-11435.195589
-11435.181575
-11435.167570
-11435.153576
-11435.139592
-11435.125618
-11435.111655
-11435.097701
-11435.083758
-11435.069825
-11435.055902
-11435.041989
-11435.028086
-11435.014193
-11435.000310
-11434.986437
-11434.972575
-11434.958722
-11434.944879
-11434.931046
-11434.917224
-11434.903411
-11434.889608
-11434.875815
-11434.862032
-11434.848258
-11434.834495
-11434.820742
-11434.806998
-11434.793264
-11434.779540
-11434.765826
-11434.752121
-11434.738426
-11434.724741
-11434.711066
-11434.697400
-11434.683744
-11434.670098
-11434.656462
-11434.642835
-11434.629217
-11434.615610
-11434.602012
-11434.588423
-11434.574844
-11434.561275
-11434.547715
-11434.534165
-11434.520624
-11434.507093
-11434.493571
-11434.480059
-11434.466556
-11434.453063
-11434.439579
-11434.426105
-11434.412640
-11434.399184
-11434.385737
-11434.372300
-11434.358873
-11434.345455
-11434.332046
-11434.318646
-11434.305256
-11434.291874
-11434.278503
-11434.265140
-11434.251787
-11434.238443
-11434.225108
-11434.211782
-11434.198465
-11434.185158
-11434.171860
-11434.158571
-11434.145291
-11434.132020
-11434.118758
-11434.105505
-11434.092262
-11434.079027
-11434.065802
-11434.052585
-11434.039378
-11434.026179
-11434.012990
-11433.999809
-11433.986638
-11433.973475
-11433.960322
-11433.947177
-11433.934041
-11433.920915
-11433.907797
-11433.894688
-11433.881587
-11433.868496
-11433.855413
-11433.842340
-11433.829275
-11433.816219
-11433.803171
-11433.790133
-11433.777103
-11433.764082
-11433.751070
-11433.738066
-11433.725071
-11433.712085
-11433.699108
-11433.686139
-11433.673179
-11433.660227
-11433.647285
-11433.634350
-11433.621425
-11433.608508
-11433.595599
-11433.582700
-11433.569808
-11433.556926
-11433.544051
-11433.531186
-11433.518329
-11433.505480
-11433.492640
-11433.479808
-11433.466985
-11433.454171
-11433.441364
-11433.428566
-11433.415777
-11433.402996
-11433.390224
-11433.377459
-11433.364704
-11433.351956
-11433.339217
-11433.326486
-11433.313764
-11433.301050
-11433.288344
-11433.275647
-11433.262957
-11433.250277
-11433.237604
-11433.224939
-11433.212283
-11433.199635
-11433.186996
-11433.174364
-11433.161741
-11433.149126
-11433.136519
-11433.123920
-11433.111329
-11433.098747
-11433.086173
-11433.073606
-11433.061048
-11433.048498
-11433.035956
-11433.023422
-11433.010897
-11432.998379
-11432.985869
-11432.973368
-11432.960874
-11432.948388
-11432.935911
-11432.923441
-11432.910980
-11432.898526
-11432.886080
-11432.873642
-11432.861213
-11432.848791
-11432.836377
-11432.823971
-11432.811573
-11432.799182
-11432.786800
-11432.774425
-11432.762059
-11432.749700
-11432.737349
-11432.725006
-11432.712670
-11432.700343
-11432.688023
-11432.675711
-11432.663407
-11432.651110
-11432.638822
-11432.626541
-11432.614268
-11432.602002
-11432.589744
-11432.577494
-11432.565252
-11432.553017
-11432.540791
-11432.528571
-11432.516360
-11432.504156
-11432.491959
-11432.479770
-11432.467589
-11432.455416
-11432.443250
-11432.431092
-11432.418941
-11432.406798
-11432.394662
-11432.382534
-11432.370414
-11432.358301
-11432.346195
-11432.334097
-11432.322007
-11432.309924
-11432.297848
-11432.285780
-11432.273720
-11432.261667
-11432.249621
-11432.237583
-11432.225552
-11432.213529
-11432.201513
-11432.189505
-11432.177503
-11432.165510
-11432.153523
-11432.141544
-11432.129573
-11432.117608
-11432.105652
-11432.093702
-11432.081760
-11432.069825
-11432.057897
-11432.045977
-11432.034063
-11432.022158
-11432.010259
-11431.998368
-11431.986484
-11431.974607
-11431.962737
-11431.950875
-11431.939020
-11431.927172
-11431.915331
-11431.903498
-11431.891671
-11431.879852
-11431.868040
-11431.856235
-11431.844437
-11431.832647
-11431.820863
-11431.809087
-11431.797318
-11431.785556
-11431.773801
-11431.762053
-11431.750312
-11431.738578
-11431.726851
-11431.715132
-11431.703419
-11431.691713
-11431.680015
-11431.668323
-11431.656639
-11431.644961
-11431.633290
-11431.621627
-11431.609970
-11431.598321
-11431.586678
-11431.575042
-11431.563414
-11431.551792
-11431.540177
-11431.528569
-11431.516968
-11431.505374
-11431.493787
-11431.482206
-11431.470633
-11431.459066
-11431.447506
-11431.435953
-11431.424407
-11431.412868
-11431.401336
-11431.389810
-11431.378292
-11431.366780
-11431.355275
-11431.343776
-11431.332285
-11431.320800
-11431.309322
-11431.297851
-11431.286386
-11431.274929
-11431.263478
-11431.252033
-11431.240596
-11431.229165
-11431.217741
-11431.206324
-11431.194913
-11431.183509
-11431.172112
-11431.160721
-11431.149337
-11431.137960
-11431.126589
-11431.115225
-11431.103868
-11431.092517
-11431.081173
-11431.069835
-11431.058504
-11431.047180
-11431.035862
-11431.024551
-11431.013246
-11431.001948
-11430.990657
-11430.979372
-11430.968094
-11430.956822
-11430.945556
-11430.934298
-11430.923045
-11430.911800
-11430.900560
-11430.889328
-11430.878101
-11430.866882
-11430.855668
-11430.844462
-11430.833261
-11430.822067
-11430.810880
-11430.799699
-11430.788524
-11430.777356
-11430.766194
-11430.755039
-11430.743890
-11430.732747
-11430.721611
-11430.710481
-11430.699358
-11430.688241
-11430.677130
-11430.666026
-11430.654928
-11430.643836
-11430.632751
-11430.621672
-11430.610599
-11430.599533
-11430.588473
-11430.577419
-11430.566372
-11430.555331
-11430.544296
-11430.533267
-11430.522245
-11430.511228
-11430.500219
-11430.489215
-11430.478218
-11430.467227
-11430.456242
-11430.445263
-11430.434291
-11430.423324
-11430.412364
-11430.401411
-11430.390463
-11430.379521
-11430.368586
-11430.357657
-11430.346734
-11430.335817
-11430.324906
-11430.314002
-11430.303103
-11430.292211
-11430.281325
-11430.270445
-11430.259571
-11430.248703
-11430.237841
-11430.226986
-11430.216136
-11430.205292
-11430.194455
-11430.183624
-11430.172798
-11430.161979
-11430.151166
-11430.140359
-11430.129558
-11430.118763
-11430.107973
-11430.097190
-11430.086413
-11430.075642
-11430.064877
-11430.054118
-11430.043365
-11430.032618
-11430.021877
-11430.011141
-11430.000412
-11429.989689
-11429.978971
-11429.968260
-11429.957554
-11429.946855
-11429.936161
-11429.925474
-11429.914792
-11429.904116
-11429.893446
-11429.882782
-11429.872123
-11429.861471
-11429.850825
-11429.840184
-11429.829549
-11429.818920
-11429.808297
-11429.797680
-11429.787069
-11429.776463
-11429.765863
-11429.755270
-11429.744681
-11429.734099
-11429.723523
-11429.712952
-11429.702387
-11429.691828
-11429.681275
-11429.670727
-11429.660185
-11429.649649
-11429.639119
-11429.628594
-11429.618075
-11429.607562
-11429.597055
-11429.586553
-11429.576058
-11429.565567
-11429.555083
-11429.544604
-11429.534131
-11429.523664
-11429.513202
-11429.502746
-11429.492296
-11429.481851
-11429.471412
-11429.460979
-11429.450551
-11429.440129
-11429.429712
-11429.419302
-11429.408897
-11429.398497
-11429.388103
-11429.377715
-11429.367332
-11429.356955
-11429.346583
-11429.336218
-11429.325857
-11429.315502
-11429.305153
-11429.294810
-11429.284472
-11429.274139
-11429.263812
-11429.253491
-11429.243175
-11429.232865
-11429.222560
-11429.212261
-11429.201967
-11429.191679
-11429.181396
-11429.171119
-11429.160847
-11429.150581
-11429.140320
-11429.130065
-11429.119815
-11429.109571
-11429.099332
-11429.089098
-11429.078870
-11429.068648
-11429.058431
-11429.048219
-11429.038013
-11429.027812
-11429.017617
-11429.007427
-11428.997243
-11428.987064
-11428.976890
-11428.966722
-11428.956559
-11428.946401
-11428.936249
-11428.926103
-11428.915961
-11428.905825
-11428.895694
-11428.885569
-11428.875449
-11428.865335
-11428.855225
-11428.845122
-11428.835023
-11428.824930
-11428.814842
-11428.804759
-11428.794682
-11428.784610
-11428.774543
-11428.764482
-11428.754425
-11428.744375
-11428.734329
-11428.724289
-11428.714254
-11428.704224
-11428.694200
-11428.684180
-11428.674166
-11428.664158
-11428.654154
-11428.644156
-11428.634163
-11428.624175
-11428.614192
-11428.604215
-11428.594243
-11428.584276
-11428.574314
-11428.564357
-11428.554406
-11428.544460
-11428.534519
-11428.524583
-11428.514652
-11428.504727
-11428.494806
-11428.484891
-11428.474981
-11428.465076
-11428.455176
-11428.445282
-11428.435392
-11428.425508
-11428.415629
-11428.405755
-11428.395886
-11428.386022
-11428.376163
-11428.366309
-11428.356461
-11428.346617
-11428.336779
-11428.326945
-11428.317117
-11428.307294
-11428.297476
-11428.287663
-11428.277855
-11428.268052
-11428.258254
-11428.248461
-11428.238673
-11428.228890
-11428.219112
-11428.209340
-11428.199572
-11428.189809
-11428.180051
-11428.170299
-11428.160551
-11428.150808
