-7.977349973585793123e+03
-7.973952296331579419e+03
-7.971833548477610748e+03
-7.970391685045676240e+03
-7.969435595494797781e+03
-7.968806040143505925e+03
-7.968370175421303429e+03
-7.968045529176285527e+03
-7.967793155872189345e+03
-7.967596824634667428e+03
-7.967447433926734448e+03
-7.967336380204711531e+03
-7.967254761516269355e+03
-7.967194519459357252e+03
-7.967149293905342347e+03
-7.967114526945885700e+03
-7.967087127102428894e+03
-7.967065039447120398e+03
-7.967046889854501387e+03
-7.967031738490224598e+03
-7.967018923045062365e+03
-7.967007962520253386e+03
-7.966998498314398603e+03
-7.966990257400851078e+03
-7.966983028495737926e+03
-7.966976645994083810e+03
-7.966970978710300187e+03
-7.966965921725099179e+03
-7.966961390337251942e+03
-7.966957315504454527e+03
-7.966953640372413247e+03
-7.966950317619587622e+03
-7.966947307421173718e+03
-7.966944575887035171e+03
-7.966942093863887749e+03
-7.966939836016277695e+03
-7.966937780121606920e+03
-7.966935906528002306e+03
-7.966934197736010901e+03
-7.966932638073901217e+03
-7.966931213443544948e+03
-7.966929911118942982e+03
-7.966928719584697319e+03
-7.966927628403716881e+03
-7.966926628107165925e+03
-7.966925710101078948e+03
-7.966924866585439304e+03
-7.966924090483082182e+03
-7.966923375376017248e+03
-7.966922715447993141e+03
-7.966922105432013268e+03
-7.966921540562122573e+03
-7.966921016529143344e+03
-7.966920529439607890e+03
-7.966920075777851707e+03
-7.966919652371222583e+03
-7.966919256357701670e+03
-7.966918885156381293e+03
-7.966918536440084608e+03
-7.966918208110710111e+03
-7.966917898276224150e+03
-7.966917605230023582e+03
-7.966917327432121056e+03
-7.966917063491933732e+03
-7.966916812152996499e+03
-7.966916572278767489e+03
-7.966916342840241668e+03
-7.966916122904536678e+03
-7.966915911624541877e+03
-7.966915708230023483e+03
-7.966915512019247217e+03
-7.966915322351644136e+03
-7.966915138641251360e+03
-7.966914960350705769e+03
-7.966914786986068975e+03
-7.966914618091913326e+03
-7.966914453247279198e+03
-7.966914292061570450e+03
-7.966914134171390288e+03
-7.966913979237175226e+03
-7.966913826940646686e+03
-7.966913676982061588e+03
-7.966913529078034117e+03
-7.966913382959435694e+03
-7.966913238369413193e+03
-7.966913095061676358e+03
-7.966912952798799779e+03
-7.966912811350809534e+03
-7.966912670493735277e+03
-7.966912530008041358e+03
-7.966912389677770989e+03
-7.966912249288843668e+03
-7.966912108628202986e+03
-7.966911967482500586e+03
-7.966911825636840149e+03
-7.966911682873822429e+03
-7.966911538972132803e+03
-7.966911393705481714e+03
-7.966911246841279535e+03
-7.966911098139316891e+03
-7.966910947350452261e+03
-7.966910794215114038e+03
-7.966910638461697999e+03
-7.966910479805070281e+03
-7.966910317944533745e+03
-7.966910152562101757e+03
-7.966909983320120773e+03
-7.966909809859227607e+03
-7.966909631795563655e+03
-7.966909448718055501e+03
-7.966909260185207131e+03
-7.966909065721799379e+03
-7.966908864814909066e+03
-7.966908656909705314e+03
-7.966908441404612859e+03
-7.966908217646109733e+03
-7.966907984922670039e+03
-7.966907742458123721e+03
-7.966907489404230546e+03
-7.966907224832236352e+03
-7.966906947723560734e+03
-7.966906656959165048e+03
-7.966906351307707155e+03
-7.966906029412323733e+03
-7.966905689775661813e+03
-7.966905330743277773e+03
-7.966904950484906294e+03
-7.966904546973888500e+03
-7.966904117963988028e+03
-7.966903660964114351e+03
-7.966903173210580462e+03
-7.966902651636689370e+03
-7.966902092840572550e+03
-7.966901493050912904e+03
-7.966900848092047454e+03
-7.966900153348855383e+03
-7.966899403734257248e+03
-7.966898593661025188e+03
-7.966897717022688994e+03
-7.966896767188340164e+03
-7.966895737018416185e+03
-7.966894618911463112e+03
-7.966893404893037768e+03
-7.966892086762022700e+03
-7.966890656310582017e+03
-7.966889105636670138e+03
-7.966887427565731741e+03
-7.966885616196211231e+03
-7.966883667570851685e+03
-7.966881580462147213e+03
-7.966879357232502116e+03
-7.966877004698641940e+03
-7.966874534892521297e+03
-7.966871965579763128e+03
-7.966869320381802936e+03
-7.966866628363601194e+03
-7.966863923007043923e+03
-7.966861240584843472e+03
-7.966858618070859848e+03
-7.966856090831081929e+03
-7.966853690406903297e+03
-7.966851442694354773e+03
-7.966849366748224384e+03
-7.966847474313216480e+03
-7.966845770050616920e+03
-7.966844252321141539e+03
-7.966842914327015933e+03
-7.966841745410088151e+03
-7.966840732333885171e+03
-7.966839860429760847e+03
-7.966839114540212904e+03
-7.966838479738828937e+03
-7.966837941837054132e+03
-7.966837487706639877e+03
-7.966837105454495031e+03
-7.966836784486552460e+03
-7.966836515493384468e+03
-7.966836290384590029e+03
-7.966836102192656654e+03
-7.966835944961921996e+03
-7.966835813633134421e+03
-7.966835703930453747e+03
-7.966835612255524211e+03
