2.799999999999999822e+00
2.800930088896119941e+00
2.799386841671019255e+00
2.798108453380160121e+00
2.797402443719500642e+00
2.797086907156921320e+00
2.796976947770281274e+00
2.796972731638954546e+00
2.797037690638915386e+00
2.797163170444331382e+00
2.797342903963477401e+00
2.797564056348766037e+00
2.797809597121271086e+00
2.798063121540783627e+00
2.798311730305814482e+00
2.798546692269496816e+00
2.798762890542947801e+00
2.798957896901833831e+00
2.799131107300643073e+00
2.799283078484249732e+00
2.799415063938133663e+00
2.799528702619292542e+00
2.799625813158688636e+00
2.799708258356412127e+00
2.799777856776030305e+00
2.799836326679783660e+00
2.799885252724533480e+00
2.799926068872676144e+00
2.799960052788715625e+00
2.799988328172478003e+00
2.800011872333812324e+00
2.800031526972047935e+00
2.800048010655561193e+00
2.800061931921187242e+00
2.800073802253340904e+00
2.800084048457279096e+00
2.800093024136915965e+00
2.800101020125048468e+00
2.800108273813857629e+00
2.800114977394456250e+00
2.800121285060031440e+00
2.800127319247061042e+00
2.800133176005055180e+00
2.800138929584319758e+00
2.800144636335845760e+00
2.800150338006807793e+00
2.800156064513279919e+00
2.800161836261004122e+00
2.800167666080146223e+00
2.800173560829892772e+00
2.800179522723825087e+00
2.800185550418671454e+00
2.800191639904464402e+00
2.800197785228380809e+00
2.800203979078374594e+00
2.800210213252199765e+00
2.800216479028919458e+00
2.800222767462725582e+00
2.800229069609478039e+00
2.800235376701258438e+00
2.800241680276184919e+00
2.800247972273166130e+00
2.800254245097761441e+00
2.800260491665090168e+00
2.800266705424840019e+00
2.800272880371057038e+00
2.800279011041381771e+00
2.800285092507573736e+00
2.800291120359108543e+00
2.800297090682674295e+00
2.800303000037411394e+00
2.800308845429347659e+00
2.800314624282928211e+00
2.800320334412959689e+00
2.800325973995830608e+00
2.800331541541890346e+00
2.800337035868037727e+00
2.800342456070577413e+00
2.800347801500710609e+00
2.800353071739589250e+00
2.800358266576025823e+00
2.800363385984180553e+00
2.800368430104152928e+00
2.800373399222073623e+00
2.800378293753083447e+00
2.800383114224346048e+00
2.800387861259995503e+00
2.800392535566889496e+00
2.800397137921110335e+00
2.800401669156476814e+00
2.800406130152307327e+00
2.800410521823862187e+00
2.800414845112160211e+00
2.800419100975456654e+00
2.800423290380448460e+00
2.800427414295370898e+00
2.800431473682094552e+00
2.800435469490152762e+00
2.800439402649960385e+00
2.800443274067690780e+00
2.800447084619282379e+00
2.800450835145647854e+00
2.800454526447490267e+00
2.800458159281067783e+00
2.800461734353657750e+00
2.800465252319236598e+00
2.800468713774418195e+00
2.800472119254947323e+00
2.800475469231550552e+00
2.800478764106660634e+00
2.800482004210722575e+00
2.800485189799435837e+00
2.800488321050435214e+00
2.800491398060613424e+00
2.800494420843778531e+00
2.800497389328766129e+00
2.800500303357881915e+00
2.800503162686050818e+00
2.800505966981046146e+00
2.800508715824398642e+00
2.800511408713867390e+00
2.800514045067419300e+00
2.800516624229118623e+00
2.800519145477444294e+00
2.800521608037112031e+00
2.800524011093779020e+00
2.800526353813477254e+00
2.800528635367833363e+00
2.800530854964602856e+00
2.800533011886807255e+00
2.800535105540085112e+00
2.800537135510500431e+00
2.800539101634588857e+00
2.800541004082508501e+00
2.800542843457127340e+00
2.800544620909267035e+00
2.800546338271363123e+00
2.800547998209906631e+00
2.800549604396380232e+00
2.800551161694922797e+00
2.800552676364512550e+00
2.800554156269409400e+00
2.800555611090455699e+00
2.800557052525820545e+00
2.800558494468669224e+00
2.800559953145485004e+00
2.800561447200161425e+00
2.800562997708987645e+00
2.800564628118304089e+00
2.800566364100093519e+00
2.800568233329507439e+00
2.800570265185340357e+00
2.800572490363931522e+00
2.800574940365489596e+00
2.800577646765253892e+00
2.800580640130302612e+00
2.800583948415832580e+00
2.800587594715032491e+00
2.800591594370011705e+00
2.800595951672997241e+00
2.800600656641785147e+00
2.800605682532452789e+00
2.800610984761706668e+00
2.800616501705803785e+00
2.800622157470920914e+00
2.800627866317801029e+00
2.800633538096218178e+00
2.800639083903634141e+00
2.800644421231459180e+00
2.800649478059095809e+00
2.800654195609817432e+00
2.800658529730249757e+00
2.800662451040548007e+00
2.800665944110456440e+00
2.800669005956304414e+00
2.800671644140581229e+00
2.800673874712365841e+00
2.800675720170668459e+00
2.800677207573700311e+00
2.800678366871454106e+00
2.800679229493851619e+00
2.800679827203905514e+00
2.800680191200783042e+00
