-7.182298253355736961e+03
-7.173801677057092093e+03
-7.168825403666307466e+03
-7.165274867352536603e+03
-7.162665591723420221e+03
-7.160720008821121155e+03
-7.159228802167582216e+03
-7.158045948533827868e+03
-7.157082975878299294e+03
-7.156289995004774028e+03
-7.155636462313930679e+03
-7.155099222356939208e+03
-7.154657709245215301e+03
-7.154293249169235423e+03
-7.153989668355767208e+03
-7.153733743645174400e+03
-7.153515145963670875e+03
-7.153326033726250898e+03
-7.153160529196872631e+03
-7.153014227438744456e+03
-7.152883797830903859e+03
-7.152766684888360032e+03
-7.152660893056121495e+03
-7.152564835222578040e+03
-7.152477226873976178e+03
-7.152397011925281731e+03
-7.152323310195653903e+03
-7.152255379608581279e+03
-7.152192588451594929e+03
-7.152134394585013069e+03
-7.152080329531578172e+03
-7.152029986063790602e+03
-7.151983008353787227e+03
-7.151939084042389368e+03
-7.151897937775199352e+03
-7.151859325880954202e+03
-7.151823031952777455e+03
-7.151788863152440172e+03
-7.151756647099941802e+03
-7.151726229240626708e+03
-7.151697470605342460e+03
-7.151670245895837070e+03
-7.151644441841351181e+03
-7.151619955782159195e+03
-7.151596694444697278e+03
-7.151574572878647814e+03
-7.151553513532131547e+03
-7.151533445444894824e+03
-7.151514303542920061e+03
-7.151496028020404083e+03
-7.151478563797356401e+03
-7.151461860042762964e+03
-7.151445869754636078e+03
-7.151430549389733642e+03
-7.151415858536382075e+03
-7.151401759625094201e+03
-7.151388217671987150e+03
-7.151375200050930289e+03
-7.151362676290906165e+03
-7.151350617895151117e+03
-7.151338998179555347e+03
-7.151327792127884095e+03
-7.151316976261611671e+03
-7.151306528522627559e+03
-7.151296428167434897e+03
-7.151286655671015069e+03
-7.151277192639608984e+03
-7.151268021731255430e+03
-7.151259126582981480e+03
-7.151250491744140163e+03
-7.151242102615191470e+03
-7.151233945391159068e+03
-7.151226007009423483e+03
-7.151218275101327890e+03
-7.151210737947290909e+03
-7.151203384434984400e+03
-7.151196204020391633e+03
-7.151189186691333816e+03
-7.151182322933467731e+03
-7.151175603698254235e+03
-7.151169020373021340e+03
-7.151162564752710750e+03
-7.151156229013364282e+03
-7.151150005686966324e+03
-7.151143887637874286e+03
-7.151137868040398644e+03
-7.151131940357618987e+03
-7.151126098321264180e+03
-7.151120335912663904e+03
-7.151114647344571495e+03
-7.151109027043865353e+03
-7.151103469635057991e+03
-7.151097969924565405e+03
-7.151092522885512153e+03
-7.151087123643323139e+03
-7.151081767461722848e+03
-7.151076449729323031e+03
-7.151071165946600559e+03
-7.151065911713320020e+03
-7.151060682716311931e+03
-7.151055474717481047e+03
-7.151050283542178477e+03
-7.151045105067672012e+03
-7.151039935211905686e+03
-7.151034769922288433e+03
-7.151029605164591885e+03
-7.151024436911878183e+03
-7.151019261133458713e+03
-7.151014073783691856e+03
-7.151008870790824403e+03
-7.151003648045501905e+03
-7.150998401389236278e+03
-7.150993126602590564e+03
-7.150987819392964411e+03
-7.150982475382138546e+03
-7.150977090093402694e+03
-7.150971658938125984e+03
-7.150966177201929895e+03
-7.150960640030155446e+03
-7.150955042412799230e+03
-7.150949379168646374e+03
-7.150943644928680442e+03
-7.150937834118523824e+03
-7.150931940940114146e+03
-7.150925959352192876e+03
-7.150919883049775308e+03
-7.150913705442386345e+03
-7.150907419630913864e+03
-7.150901018383159681e+03
-7.150894494107686114e+03
-7.150887838826040934e+03
-7.150881044143084182e+03
-7.150874101215158589e+03
-7.150867000716140865e+03
-7.150859732800870006e+03
-7.150852287065901692e+03
-7.150844652507236788e+03
-7.150836817475037606e+03
-7.150828769625109999e+03
-7.150820495867584214e+03
-7.150811982313549379e+03
-7.150803214221334201e+03
-7.150794175945746247e+03
-7.150784850895678574e+03
-7.150775221509545190e+03
-7.150765269262723450e+03
-7.150754974728979505e+03
-7.150744317726979716e+03
-7.150733277595008985e+03
-7.150721833648807660e+03
-7.150709965888399893e+03
-7.150697656022921365e+03
-7.150684888872774536e+03
-7.150671654176136144e+03
-7.150657948767167909e+03
-7.150643779003540658e+03
-7.150629163213470747e+03
-7.150614133831386425e+03
-7.150598738832537492e+03
-7.150583042096533973e+03
-7.150567122445348105e+03
-7.150551071300827971e+03
-7.150534989141218830e+03
-7.150518981142763550e+03
-7.150503152514187605e+03
-7.150487604042546081e+03
-7.150472428279473206e+03
-7.150457706646308907e+03
-7.150443507569717440e+03
-7.150429885615335479e+03
-7.150416881485595695e+03
-7.150404522694109801e+03
-7.150392824715185270e+03
-7.150381792421761929e+03
-7.150371421655174345e+03
-7.150361700806264707e+03
-7.150352612322857567e+03
-7.150344134089144063e+03
-7.150336240647306113e+03
-7.150328904250112828e+03
-7.150322095745928891e+03
-7.150315785306267571e+03
-7.150309943010523966e+03
