9.073688008477238043e+01
-1.814369248476969574e+02
7.870074575807679196e+01
-1.302140719423656776e+02
3.810586732014110822e+01
-2.534776920263687572e+01
1.308402385611293255e+02
-4.981217410953532720e+01
1.122896903288968673e+02
-9.410338165251513942e+01
1.044207344644105540e+01
2.535658179098084730e+01
-2.047587327247676399e+02
8.073433481781195553e+01
-1.961896338498653449e+02
1.938512369661347350e+02
1.575649988545412228e+01
1.379782243791844394e+02
-6.386345505000414136e+01
1.745117695023110116e+02
-9.308870092599093482e+01
-3.749447280328287491e+01
-7.948439415194445701e+01
-4.397860979743796861e+01
-1.291128612481176106e+02
1.204687215170035586e+02
2.759946542825013438e+01
3.398118419680377400e+01
-1.744724692115895692e+01
9.387775965223266894e+01
1.101227725327665610e+02
-1.139728653215408087e+02
-3.260875928905268495e+01
-4.819119775251724036e+01
-9.071475138077317979e+00
4.170399791317483285e+00
-8.602013798178917625e+01
3.712342249097428493e+01
5.203308662473703095e+01
-1.613834747193821917e+00
2.418526829832562441e+01
-5.791137004747366035e+01
1.627880653927317951e+02
1.197673018971272896e+01
-2.017614284925605261e+01
-1.285791729921540707e+02
-1.901961540503724635e+01
-3.726733544991971314e+01
3.388837143274177777e+01
-4.036742442133035524e+01
-5.394408248827096486e+01
2.445110489030745882e+01
1.250692542758151120e+02
-3.411510610821199219e+00
2.899940484919838823e+01
-1.978928076395463620e+01
2.006014254721615089e+02
-3.283554611716722889e+02
-4.598699324503519392e+02
2.148980465195555496e+02
-3.108561021467201613e+02
1.819928768182229533e+02
3.025965829893471550e+02
-1.077917644366173562e+02
4.860421886969735397e+02
-1.161321972122259041e+02
-2.365175013235630388e+02
2.157154548881632365e+02
9.437260262289356660e+01
-1.827708957271286465e+02
-2.775074899180886590e+01
-2.689566146472939678e+00
-4.423829048332564184e+01
-1.292964997120957982e+01
1.527651295618730671e+02
-8.158271647979644570e+01
6.191609995563722180e+01
1.662030184884936901e+01
8.447069768933747058e-01
1.398646376302556149e+01
-3.984176249247572343e+01
2.828940360241606911e+01
-3.380564400202347741e+01
1.708918645773727718e+01
-2.630734834977623393e+01
-3.617930476605282308e+01
-4.358091495822876915e+00
-1.898899910450381512e+01
1.294670805148365389e+01
-3.623157082533751794e+00
-6.425063595960023299e+00
-4.559108879731657993e+01
2.783311169541141439e+01
-4.635738203579125916e+00
6.830335427381760915e+00
-7.338631789098685188e-01
-2.924588588620470730e+01
1.104704072835132500e+01
-7.453773827956773346e+01
1.752011295134024493e+01
-1.943662630826786142e+01
-2.057461893698945588e+01
-4.505489204233933975e+01
1.551833060618518090e+01
-2.950427127954684892e+01
1.937481911767076426e+01
8.808343855200817529e+00
2.498595214812674214e+01
-6.454602328739102113e+00
1.452338786378316904e+01
-1.686569233433042925e+01
1.112338966135345508e+01
-5.077468071083649193e+01
-2.677839845295742194e+01
1.552721825848934323e+01
-2.291240263409748579e+01
-2.348678721690644178e+00
3.790095721698613573e+01
1.661898001740141240e+02
-1.934156834559973674e+02
7.319990935600775117e+01
-2.764623807326731963e+01
1.560593399999681274e+01
1.771477399350493087e+01
-1.514207196185650162e+02
-1.328959539368471710e+01
7.198378978028665642e+01
-5.540193791530282397e+01
7.830520145469316162e+01
4.213175481810621292e+00
3.228749088740113393e+01
-1.352054680170508760e+01
2.818301458806524717e+00
-2.769345961753079521e+01
-4.394581490970649895e+01
4.282162351726153560e+00
-2.179611992115565045e+01
-1.814092822959484508e+01
-1.253910653740855174e+01
7.068552841190923752e-01
3.167575075693481068e+00
2.705475740452479272e+01
3.512103127036902084e+00
-1.938664352787425571e+01
9.498423880050992807e+00
6.577043360839354591e+00
-7.738173446215506068e+00
1.568234224770892915e+00
-1.170360848792853403e+01
-3.816354667721756044e+01
-1.288634305664443502e+01
2.582988690009186428e+01
-3.574853566433677798e+01
-2.259884270990141442e+00
-1.294031201038179724e+01
-9.241006931094643662e+00
5.354980776061219139e+00
-2.809524969560581287e+00
4.940114146026042619e+01
-2.657084489735821009e+01
1.071352960214276173e+01
-2.741171868843306214e+00
1.691736000984774080e+01
-1.439975140527985431e+01
4.095698196109550437e+00
-3.760337938896926602e+01
4.444347320462065376e+00
-2.203308939014095458e+01
-1.026308830579739251e+01
-6.366537873636820777e+00
-2.481453921507079841e+01
1.488518506853876922e+01
-3.378336463405189249e+01
1.112648337543865154e+02
7.205558295137345581e+00
6.969669314097468593e+00
-1.684872960771006234e+01
-5.303071738808713853e+00
-1.151880498008860165e+00
-3.885950425905965488e+01
-3.178032258167358037e+01
-6.123871819705804143e+01
5.274819250498390488e+01
-3.655024751912294789e+01
-9.084984087146619203e+00
5.595999188093837517e+01
6.012882810901694519e+00
-1.461786960290402959e+01
-7.329686837467390248e+00
-6.695083325738345970e+00
4.679410580742181303e+00
4.222788497481828784e+01
-1.056147345186173681e+02
5.644176218218449392e+00
-3.159411670160636163e+02
7.063376615283580406e+01
-7.605252268484137801e+01
2.225805948752828556e+01
-2.305660558914153668e+00
-1.550150453025695185e+01
-7.498060606731367272e+01
1.890689816675857315e+01
-1.337360513703467824e+01
1.476724328065308889e+01
1.075764123616757661e+00
-2.354380535033120125e+01
-2.117563632330536905e+00
-9.498566102136230427e+01
9.441323865797844661e+00
-4.545358597917350529e+00
-6.192507184834935785e+00
-2.471847168840287523e+01
-1.156427648053951174e+01
-7.333778618310519803e+00
3.572705874357194666e+00
3.412135847308012870e+01
-7.650613933256580346e+00
-2.122794867662663876e+01
3.240645726857311337e-01
6.044217677003945605e-02
8.808941824324262981e+00
-2.016606511318307682e+01
-4.080357032126401329e+00
-1.957522475468166334e+01
-1.239134606160564687e+02
1.712381948622997996e+01
-1.262666279582800755e+01
-8.008408742172511197e+00
-2.585746211618231172e+01
1.277034528119583534e+01
-1.370005807829906175e+01
2.691039852455575243e+01
4.138232452811914541e+00
5.312070018792543813e+00
2.018418178133831731e+00
-3.876419543966543646e+00
2.664395104595270958e+00
-1.343242916429655764e+01
1.710078016858475181e+01
-1.147349798021060394e+02
-3.197805814849844097e+01
3.855663279374888841e+00
-1.019006043018823604e+01
-1.169251493142218434e+00
3.444572845050956733e+00
-1.247103337130394607e+01
6.284612071918588327e+01
-6.959773750546116844e+01
3.780151810145006408e+01
-1.770691123030523428e+01
-2.118955727019917745e+01
1.190910712146614969e+01
-1.415786543633695693e+01
3.207485024130009776e+01
-7.112642261202564953e+01
2.314578889768248189e+02
4.535743816435854683e+02
-1.283315685401555015e+02
8.435739201671644594e+01
-8.340829879901080801e+01
-4.782569250291983565e+01
2.071681507444671695e+02
2.272032203595260000e+02
-9.777043305899687198e+01
8.739889361973419923e+00
-2.212279608646351647e+01
4.914907087853661594e+00
1.706195968450697009e+01
-1.192355786486600238e+02
4.476512395339808563e+02
-6.714425293418382523e+01
5.227942067656449865e+00
8.944058551229995047e+00
8.700278448785596197e+00
-9.917262531147670757e+00
1.259768638302650778e+01
1.655788282417133672e+01
-2.563599701299066851e+02
4.965321300051844133e+01
-1.052234152456747651e+01
-2.659761359022677851e+00
-2.314630807623041164e+01
-2.199454725365222885e+01
7.253390524838296827e+00
-2.687048175463697319e+01
1.055066368149429081e+02
3.935528454158806255e+00
4.464509246988926705e+00
-6.952676561387582055e+00
5.314264208210000007e+00
7.460519613616971135e+00
-1.079037424763441422e+01
3.601363769656881431e+01
-2.020859993930118037e+02
-1.922276142579958247e+01
-1.739918170235045736e+01
-3.404136716939730967e+00
1.139800373172830383e+01
-4.432851079079811285e+01
-9.127221760840061648e+00
-2.505252569807661978e+00
1.395752082976365749e+01
-8.600255970956204976e+00
-6.714236107395315400e+01
6.987520261060676319e+01
-4.238408982537707459e+01
-4.499384701753998002e+02
1.437077423431094019e+02
-3.819514225756425674e+01
-4.858014889205916802e+02
-2.854686266067431788e+01
-1.624427843552538206e+02
9.963414476138119369e+01
-2.592390315380639620e+01
1.580018246006950022e+01
-6.947612494692311458e+00
2.727298917782785281e+01
-1.609210586822570477e+01
-2.016042995878807531e+01
1.743889667643614061e+01
-8.392097325888954629e+00
-1.598128700435703209e+01
-2.544595105120208345e+01
7.640614137066612521e-01
-1.192677207852733900e+01
-7.266078432415812927e+01
4.392794726049851306e+02
-1.504867360267893446e+02
2.119422985138508508e+01
-2.580112029371852600e+01
8.627924868622811161e+00
-3.324528494945656387e+00
-7.228099640433737427e+00
1.533181321443473166e+01
-1.121183799894965176e+02
-5.187534394825955530e+01
2.444464237154561559e+01
-1.114396900705597382e+01
7.110678549781465740e+00
3.665915343945058691e-01
-9.017072978385206738e+01
-1.627155308858744220e+01
-2.243001291725102320e+01
-6.370329486170106037e+01
3.578898401055616318e+01
5.594672043321901711e+00
1.008483791967487520e+02
-1.264671480580381235e+01
1.592059597338340637e+01
-2.393520663005953963e+02
2.669748945653087162e+02
-6.117921931750635700e+00
-8.308714032118196258e+00
9.696970936696537535e+01
-1.071436098067572260e+02
2.250393863064767430e+01
-5.159320927632827569e+00
-1.666519816620206882e+02
1.307688950114648776e+02
-1.220196540030934074e+02
2.764267016526873277e+01
2.237911290345998694e+01
-2.495246887205786379e+02
-1.378356939151860843e+02
1.386448944707669853e+02
