1.275408822125533106e+03
1.396241431138938424e+03
1.497444825143285470e+03
1.581307646128845136e+03
1.649167263785463547e+03
1.701538956959789857e+03
1.740475999483102214e+03
1.769320383719309348e+03
1.791294339239792180e+03
1.808700872485119589e+03
1.822922665078972614e+03
1.834733730074543701e+03
1.844592891124326343e+03
1.852822745089663158e+03
1.859689443760936001e+03
1.865426425259772941e+03
1.870236648635967867e+03
1.874291284126965365e+03
1.877730685718836412e+03
1.880667815371660936e+03
1.883192793252853789e+03
1.885377447233525345e+03
1.887279274021641641e+03
1.888944634048857097e+03
1.890411220812240799e+03
1.891709929628040982e+03
1.892866263255958984e+03
1.893901394022525437e+03
1.894832975940601500e+03
1.895675775692259549e+03
1.896442171497262279e+03
1.897142554170254471e+03
1.897785654260793990e+03
1.898378812035289457e+03
1.898928202244859449e+03
1.899439022393936284e+03
1.899915651050227780e+03
1.900361781247394447e+03
1.900780532988724190e+03
1.901174548107963801e+03
1.901546070178232640e+03
1.901897011724644926e+03
1.902229010645750805e+03
1.902543477467087314e+03
1.902841634809150264e+03
1.903124550255176700e+03
1.903393163631535572e+03
1.903648309569593494e+03
1.903890736091208964e+03
1.904121119854489280e+03
1.904340078601674804e+03
1.904548181272932425e+03
1.904745956180578332e+03
1.904933897577505832e+03
1.905112470905178270e+03
1.905282116958925599e+03
1.905443255174104024e+03
1.905596286201008979e+03
1.905741593909387348e+03
1.905879546940948330e+03
1.906010499905642291e+03
1.906134794301461625e+03
1.906252759222778650e+03
1.906364711909701327e+03
1.906470958179455238e+03
1.906571792775366930e+03
1.906667499657666667e+03
1.906758352257275874e+03
1.906844613708471343e+03
1.906926537071923121e+03
1.907004365555372033e+03
1.907078332739528605e+03
1.907148662812305247e+03
1.907215570813623117e+03
1.907279262892524685e+03
1.907339936576351647e+03
1.907397781052174878e+03
1.907452977459536214e+03
1.907505699193304281e+03
1.907556112215882195e+03
1.907604375377133692e+03
1.907650640740608651e+03
1.907695053915485005e+03
1.907737754392802117e+03
1.907778875884639547e+03
1.907818546665988151e+03
1.907856889918443812e+03
1.907894024075287462e+03
1.907930063167479602e+03
1.907965117170670510e+03
1.907999292353420742e+03
1.908032691626478254e+03
1.908065414893823117e+03
1.908097559406574646e+03
1.908129220119443289e+03
1.908160490052183604e+03
1.908191460656339359e+03
1.908222222189109289e+03
1.908252864096131361e+03
1.908283475404698947e+03
1.908314145130538691e+03
1.908344962699520920e+03
1.908376018388401462e+03
1.908407403786616896e+03
1.908439212283440838e+03
1.908471539584599668e+03
1.908504484262554115e+03
1.908538148345437321e+03
1.908572637951170691e+03
1.908608063972095806e+03
1.908644542818555692e+03
1.908682197228589985e+03
1.908721157153462173e+03
1.908761560729421035e+03
1.908803555347596102e+03
1.908847298834308276e+03
1.908892960757996207e+03
1.908940723878506105e+03
1.908990785758143829e+03
1.909043360555345544e+03
1.909098681024722055e+03
1.909157000750162752e+03
1.909218596640474516e+03
1.909283771718831076e+03
1.909352858243480568e+03
1.909426221196706820e+03
1.909504262183514356e+03
1.909587423783791337e+03
1.909676194400388340e+03
1.909771113647011362e+03
1.909872778313569142e+03
1.909981848938927214e+03
1.910099057008069622e+03
1.910225212763713216e+03
1.910361213591311525e+03
1.910508052881250251e+03
1.910666829200483107e+03
1.910838755500960360e+03
1.911025167952995389e+03
1.911227533804696805e+03
1.911447457424254253e+03
1.911686683374907716e+03
1.911947094994958661e+03
1.912230706517618501e+03
1.912539646283520142e+03
1.912876128129059452e+03
1.913242407658117372e+03
1.913640719967938367e+03
1.914073195697142637e+03
1.914541753250364764e+03
1.915047966989372981e+03
1.915592914279145361e+03
1.916177008553065662e+03
1.916799830694876846e+03
1.917459976216581481e+03
1.918154939638561700e+03
1.918881058536747787e+03
1.919633536488219761e+03
1.920406556041029262e+03
1.921193480701382441e+03
1.921987131139527946e+03
1.922780108683865137e+03
1.923565131839014384e+03
1.924335350807899204e+03
1.925084610622595392e+03
1.925807643546297868e+03
1.926500183077130941e+03
1.927159002505514081e+03
1.927781888788188553e+03
1.928367566873815576e+03
1.928915590812939172e+03
1.929426216835922105e+03
1.929900271021377876e+03
1.930339021058122853e+03
1.930744058521332136e+03
1.931117195403500773e+03
1.931460376521689341e+03
1.931775607876280901e+03
1.932064900015739113e+03
1.932330224855532379e+03
1.932573484116253439e+03
1.932796487480591850e+03
1.933000938653624416e+03
