2.399999999999999911e+00
2.403037351259832199e+00
2.400922919481561113e+00
2.398532581171726186e+00
2.396760486983123162e+00
2.395588276087148305e+00
2.394849889217906203e+00
2.394366271991908324e+00
2.393998826232199395e+00
2.393678443669835509e+00
2.393404056008955560e+00
2.393201176738132485e+00
2.393081202986455214e+00
2.393033042069288019e+00
2.393034963125162840e+00
2.393066360444740415e+00
2.393112335468592811e+00
2.393163536065069597e+00
2.393214595810279732e+00
2.393262682708713118e+00
2.393306482655931156e+00
2.393345555409523762e+00
2.393379943273683530e+00
2.393409938356917621e+00
2.393435946513045476e+00
2.393458409575514256e+00
2.393477762512367768e+00
2.393494411338270567e+00
2.393508723203704669e+00
2.393521023466293141e+00
2.393531596611915724e+00
2.393540689151331335e+00
2.393548513386310361e+00
2.393555251411157769e+00
2.393561058999039926e+00
2.393566069196041646e+00
2.393570395545061125e+00
2.393574134922741958e+00
2.393577370002238247e+00
2.393580171372196475e+00
2.393582599348338835e+00
2.393584705515721112e+00
2.393586534038333102e+00
2.393588122768559145e+00
2.393589504186943273e+00
2.393590706197278539e+00
2.393591752799899108e+00
