5.663405477240393111e+02
6.446258818694739148e+02
7.323803638332833543e+02
8.234642313468457360e+02
9.049481631014562026e+02
9.674022381985836319e+02
1.009775520305521468e+03
1.036370192145120882e+03
1.052788320007991615e+03
1.063719764397330209e+03
1.071992029281139821e+03
1.078715167714327663e+03
1.084143700941434872e+03
1.088389759663520408e+03
1.091646138327190101e+03
1.094140610451369412e+03
1.096070247083688628e+03
1.097581760259940438e+03
1.098778479204321002e+03
1.099732986036330658e+03
1.100497479074552757e+03
1.101110739647986293e+03
1.101602497548571137e+03
1.101996124388633689e+03
1.102310322670852202e+03
1.102560226244330352e+03
1.102758155355339795e+03
1.102914164296903436e+03
1.103036458901297465e+03
1.103131727173922172e+03
1.103205407847898414e+03
1.103261911702391899e+03
1.103304805192147796e+03
1.103336963082646434e+03
1.103360695181642541e+03
1.103377851285890074e+03
1.103389907794050941e+03
1.103398038932260079e+03
1.103403175116913189e+03
1.103406050614758215e+03
1.103407242338807464e+03
1.103407201334097635e+03
1.103406278259862120e+03
1.103404743958561085e+03
1.103402806016623117e+03
1.103400622066078540e+03
1.103398310442151114e+03
