-1.188845666837072713e+04
-1.188580176437963564e+04
-1.188428886521644381e+04
-1.188332524889921297e+04
-1.188275327459247274e+04
-1.188241537503972359e+04
-1.188217716187691622e+04
-1.188195310735343992e+04
-1.188171486048882252e+04
-1.188148744650306071e+04
-1.188130762174685333e+04
-1.188118659720012874e+04
-1.188111216296476960e+04
-1.188106680676006727e+04
-1.188103791220792118e+04
-1.188101847073286990e+04
-1.188100486520205959e+04
-1.188099513481261602e+04
-1.188098810236517420e+04
-1.188098299404129284e+04
-1.188097927246814470e+04
-1.188097655465721255e+04
-1.188097456490358127e+04
-1.188097310413328341e+04
-1.188097202850401118e+04
-1.188097123403003570e+04
-1.188097064545203284e+04
-1.188097020819043428e+04
-1.188096988254858479e+04
-1.188096963955127649e+04
-1.188096945796345972e+04
-1.188096932215582456e+04
-1.188096922057489792e+04
-1.188096914464423025e+04
-1.188096908797222386e+04
-1.188096904577829991e+04
-1.188096901447594973e+04
-1.188096899136720094e+04
-1.188096897441835426e+04
-1.188096896209402985e+04
-1.188096895323385252e+04
-1.188096894696053823e+04
-1.188096894261086891e+04
-1.188096893968383665e+04
-1.188096893780143728e+04
-1.188096893667914264e+04
-1.188096893610325606e+04
