-1.783433124941862857e+01
5.459043669568218604e+01
-2.737216889718643387e+01
4.473925459943351512e+01
-2.473618820179657618e+01
4.857668493759582162e+01
-1.292658295395735593e+02
5.671928075849781692e+01
-1.260228992899581328e+02
1.236627581876832664e+02
-4.561444718070434590e+01
6.825144945900878213e+01
-2.851858714549398144e+01
-1.986534372346550725e+01
-1.651825512051891565e+02
1.279977547364282842e+01
1.568839286098446273e+01
-4.328918256350323190e+01
1.374150689173849003e+02
-5.826984425660437950e+01
-9.076783453546507729e+00
-3.182738247502606654e+01
-2.537076702245473214e+00
-3.022837693728576980e+01
-1.194158544944267248e+02
2.624907278926668752e+01
9.768024892922801072e+00
-7.389578427923539472e+00
1.737325986185147286e+01
-3.271243214477946282e+01
8.958528776776658731e+01
-5.130557531684118544e+01
-2.063217579172620830e+01
-3.950002162357372892e+00
-4.630860302528799366e+01
1.904252771418313372e+01
-1.160777648872474543e+02
4.325530576225817470e+01
2.687253601929418068e+01
-3.210086315704890580e+01
5.699207093128141111e+01
-1.836228998014770397e+01
6.256604101071506818e+01
-6.324663720473308786e+02
3.382849948580262094e+02
-4.623856246485915449e+02
2.222396718923438641e+01
-1.812046402689580020e+02
5.238346988708104846e+01
-5.633346882734415573e+01
-1.933586674267300509e+01
4.584069588966471764e-01
-2.354499924913168840e+01
-5.948197443913192473e+01
3.510188569502879830e+01
5.536464678793821648e+00
-3.123008779160219461e+00
7.960517844465445414e+00
-2.130239037161330273e+01
-6.578868934315456052e+00
1.598645270617934244e+01
-2.190632561131192446e+01
-1.496503596692323335e+01
-5.769050222801534566e+00
-9.584625901552486837e+00
-3.302319961544730176e-01
-1.954410615987881572e+00
-1.759633932694653069e+01
-4.310795422394742360e+01
2.230564592933661316e+01
-1.002020730795641867e+01
-4.646714471188531981e+00
6.446220753379662050e+00
-2.814095629186915559e+01
1.372899453942727455e+01
-2.466870626517822984e+01
1.336299324724040005e+01
-1.464153122902550663e+01
-2.534354725317495038e+01
-2.153063659633382088e+01
-6.560999311346776608e+00
-6.471656805105735266e+00
-1.007294280554460286e+01
2.622230674435720665e+00
1.146756138886964571e+01
8.923959393579282917e+00
-1.139085652179687358e+01
7.490935510151417454e+00
6.218485823805429469e+00
-3.614367507012992320e+01
1.885172087876297198e+01
-1.973285450246273953e+01
-6.388556158651411465e+00
6.489464484969199987e+01
-1.080750811892746697e+02
4.701755664648453603e+01
-5.069314298687339004e+01
1.331362571431746034e+01
-1.147565033104774912e+01
2.232761741531379229e+01
-2.537559759654619640e+01
3.220207604230619580e+01
-9.735423753184530682e+00
1.772708471357833204e+01
3.214652912900938464e+00
9.476235316590203794e+00
-1.120552676509467638e+01
1.346336083409965134e+01
-6.970028639517239810e+01
2.591480427672797848e+00
1.367228616335897051e+01
-2.092379269151833299e+01
-1.014130694421583989e+01
-6.986020668373060793e+00
-8.090962267499877569e+00
8.306813538287828536e+00
-1.142366102506381864e+01
-1.187964090902925385e+01
-1.640906691811731477e+01
1.172641333506107841e+01
-1.933938377174481360e+00
-6.838466875884367191e+00
3.474477188640690439e+00
-9.441125061677244190e+00
-2.052018937485254568e+01
-5.682398477600615117e+00
2.296318148374528789e+01
-3.258425174729701723e+01
-1.409728822656282743e+00
-4.564432021362618386e+00
-1.705068474369495846e+01
1.055176909521719608e+01
-2.617857432361606840e+01
2.132039298730958166e+01
-2.095480035152235132e+01
8.475532263383991349e+00
2.469641596768141323e+00
5.667258251291094950e+00
8.984873763666572088e-01
-1.158271946115385020e+01
9.554589662580854181e+00
-2.473970931672500484e+01
-1.133497920748229637e+00
-1.660674518849010894e+01
-9.290003686787116521e+00
-2.673823142832451705e+00
-1.573862664385909582e+01
-1.395461345249336560e+01
5.990601607631543146e+00
-1.045210150965204754e+01
2.348405977347622076e-01
-4.852779070724128729e+00
-7.098726470149322232e+00
-1.297910324188546127e+01
1.919837151710450485e+01
-2.857407508182033951e+01
1.660311087749612824e+01
1.535114790875840285e+01
-1.795551766871254529e+01
1.111386636599940481e+01
-3.161618361382922515e+01
-1.462038115621852796e+02
4.373488497917098528e+01
-5.715514982631609087e+01
8.075046338922405198e+00
-1.464343250192871153e+02
3.710452222575981551e+01
-3.644824741069128038e+01
1.628352052817835371e+01
-2.960074170091210988e+01
5.451305604150440587e+01
-1.105417032446888754e+02
5.434600091898490470e-01
-6.809477717635322058e+00
8.124676163136319573e+00
-8.087923569927756517e+00
6.209724849119683476e+00
-2.561602691973879686e+01
1.000085927160911936e+00
1.874121092437277269e+01
-3.931169440250738556e-01
-1.144822658360715906e+01
-1.600676017388680350e+01
-6.244572388366399274e+00
-1.970754430310074312e+01
1.238447489963602166e+01
-7.403117444444763606e+00
-1.319663009411335963e+01
-2.039252915992386406e+01
8.235990030903609371e-01
-5.747382865866460522e-01
1.291905091431545749e+00
-7.299785233385200023e+00
-1.304209911284121937e+01
1.351380686830889388e+01
-8.042850223211107163e+01
1.486060128235920885e+01
-1.084251111463672324e+01
-1.162353117969624172e+01
-1.584827370538376634e+01
-2.135592817382280906e+00
4.606963970126062513e+00
-3.061592706466761626e+01
6.801487460419550324e+00
-2.299326996730045369e+00
4.362958538843551892e+00
-6.203992042297836740e+00
2.888479554933673921e+00
-2.546326854246920846e+00
-1.632339856103073572e+01
5.385466381721720097e+00
-1.380785098439637260e+01
-9.330114976671431748e+00
6.184023613261118157e+00
-2.338902204066729951e+01
-1.544125269106361920e+01
-2.701998787156220061e+01
2.621026575933772307e+01
-5.122879356860507727e+01
-4.147429081228998626e+01
1.997980253637113535e+01
-4.555675732050123372e+01
8.847984498657078234e+01
-3.102661088055012328e+01
-8.463523941249496474e+00
-2.841889619998675798e+01
-2.540906777361338342e+01
-7.551961525966152067e+01
4.998624457197309745e+00
-9.204177903569531694e+00
5.600820231468277122e+00
-4.447135800913182280e+00
-8.211388838908119681e+01
-3.479698552614490836e+01
4.020834923955134421e+00
1.317916840511579935e+01
-4.578491190108219255e-01
-9.831549688011678612e+00
2.180739547295059566e+01
5.143887914115375715e+00
-1.330954038347361461e+02
1.557344640044370543e+01
-8.279822868856358653e+00
-2.333975875718388160e+00
-1.893469135869650088e+01
-9.822416188553596328e+00
-6.508362906098891898e+00
-1.051861010249320394e+01
3.323517433034701440e+01
-4.380419405220766293e+01
1.003450468931330875e+01
-8.105353415101948400e+00
8.688307426418015567e+00
9.992253965226187695e-01
1.988960478706417234e+00
1.584526978610060155e+01
-1.464176824820376055e+02
-3.197247848141289950e+01
-2.466347504332631946e+00
-9.198792237167861430e+00
1.598480582247187520e+01
-3.582622613960926117e+01
-1.373085500886288379e+01
-1.319418734191668641e+01
-6.986383771887939353e+00
-4.914871196111670315e+01
2.238792929597677173e+01
3.363762371641153948e+01
-4.260541509429412343e+01
-8.021265183632696250e+00
2.184176077616732936e+00
-7.873557743616021121e+00
-1.316924627088702060e+00
-5.133946146507384789e+00
-2.409726486497933706e+01
-8.152987964564502477e+00
1.827782294010036779e+00
-2.661596738061438572e+01
-3.911860203213659304e+01
-1.003951836859967628e+01
-9.084411419110560715e+00
1.075043514191122096e+00
-1.246822278243124416e+01
4.203975634016775764e+00
7.016342726168293353e+00
-4.659142398182616773e+01
2.378044398470010279e+01
-1.280255781380199132e+01
1.243886001800865060e+01
-7.909231614573073443e+00
-5.866906582750721810e+01
-4.312791522027407609e+01
-1.267711575972221283e+01
-6.087971200214933276e+01
8.097433629233044883e+00
2.323847454291879444e+01
4.901927644336031165e+01
-1.144516982882174716e+01
-9.156593993352363725e+01
-6.185265671305859136e+00
-6.219061874839035831e+00
1.817783248564614240e+01
5.854051465696153755e+00
8.641842263466580576e+00
-4.185565003381922722e+00
-3.431357851675651460e+01
-8.760194971739982961e+00
-1.336197851117907476e+02
2.001383259986108953e+01
-2.308660280370438400e+01
-6.236110720986523148e+01
