-1.135217498552240249e+04
-1.134603765127438419e+04
-1.134233269709431988e+04
-1.133976186476478324e+04
-1.133796287686925643e+04
-1.133667847459118275e+04
-1.133569083247164963e+04
-1.133484319163493456e+04
-1.133406017622067156e+04
-1.133334423936655185e+04
-1.133273182069316317e+04
-1.133224415556285203e+04
-1.133187269838051543e+04
-1.133159256627807918e+04
-1.133137821236880700e+04
-1.133121017850877797e+04
-1.133107531949883378e+04
-1.133096500997489056e+04
-1.133087348656812355e+04
-1.133079675112379300e+04
-1.133073191419222167e+04
-1.133067680908927105e+04
-1.133062976111055832e+04
-1.133058944486515793e+04
-1.133055479242060392e+04
-1.133052493156649871e+04
-1.133049914257224191e+04
-1.133047682676415207e+04
-1.133045748297704267e+04
-1.133044068946596599e+04
-1.133042608974222094e+04
-1.133041338131601515e+04
-1.133040230664528463e+04
-1.133039264579105475e+04
-1.133038421041277979e+04
-1.133037683882794227e+04
-1.133037039192495649e+04
-1.133036474976533464e+04
-1.133035980874640336e+04
-1.133035547922230398e+04
-1.133035168350181630e+04
-1.133034835415736597e+04
-1.133034543259221391e+04
-1.133034286782267009e+04
-1.133034061544021097e+04
-1.133033863672458210e+04
-1.133033689788408083e+04
