12.711220
12.969612
-10.840012
-195.919216
398.545257
-1295.675444
-181.836251
43.331915
-27.487121
47.910487
-108.059519
307.499112
51.822060
-29.630952
4.803211
-46.063897
61.840941
-174.185371
32.516685
15.186655
1.776105
0.193040
-27.413477
-0.589980
73.447226
-80.375220
-140.058976
280.507732
-710.902177
595.193370
-136.869999
742.481486
-473.611006
1221.722292
383.551677
-243.725265
-374.884338
68.156470
122.750993
-34.663604
-5.382785
54.740950
-123.899600
391.443390
-592.065496
7.655821
-12.160293
-0.514297
-28.577172
18.611828
-81.621651
683.682301
43.558053
-4.941851
-4.091920
-6.546074
9.080570
-13.617468
-6.108956
-365.149650
73.680587
-55.474596
-3.947994
-14.822598
-10.162839
-23.386399
5.757096
178.897186
-51.667262
13.729551
8.518469
0.974515
-16.479433
26.341110
-27.354966
-265.006219
-110.064559
2.702736
-55.657279
29.186020
-57.578376
-49.952732
110.678598
-53.515806
-22.474337
-288.669689
-423.414359
428.374002
494.863757
-59.269936
-27.522005
50.848937
-114.887943
776.911762
-81.126918
-8.825526
-4.475979
-28.037749
31.016711
-183.295156
51.299224
-9.851084
-0.127201
-1.184112
4.744246
-10.824244
17.528815
-215.892846
-11.710348
-9.563628
1.173261
-2.954563
-9.323527
5.991112
-11.813477
51.083617
-17.212044
-10.569626
-2.120908
-5.420552
-4.716344
1.922575
-16.122879
-37.198425
12.583417
4.601552
-5.617579
-8.174048
-8.811330
-2.884615
-0.330470
53.385648
-235.685341
-6.158777
-3.945762
-1.598439
-6.875000
-5.055855
3.028546
-216.431501
48.293858
-18.789941
9.334651
-0.020343
4.603676
-15.000290
-515.787225
60.885303
-44.548491
-30.786772
32.050025
-137.188398
-961.733043
472.874445
15.812694
235.041331
-410.409082
8.056103
6.745469
-28.645188
44.334440
-433.505126
-594.505567
-9.025728
16.272030
-7.423732
9.974003
-14.599942
52.046348
-705.656337
-66.746157
19.211054
-9.504910
0.709632
-5.424385
2.165334
0.360145
2.427767
4.027748
-7.823981
2.924483
-6.072192
-2.249348
-1.995008
-2.564202
-9.392360
-8.958634
7.353167
-9.158914
0.859460
-0.721822
-7.388635
4.454452
-6.056717
-2.513175
-11.975205
4.392091
-0.573131
2.540147
-0.683033
-5.478777
-13.989611
61.135942
-5.124904
1.810208
-5.901108
-5.392318
1.276732
-3.450573
4.000293
-244.635182
-17.844556
-7.100368
-3.134461
1.941984
-12.333247
9.962456
-75.629791
173.373516
-16.975178
1.375307
-7.293028
-6.008008
11.130332
444.691438
-215.616006
-25.705349
-19.475219
153.718931
-33.318879
-8.635694
12.382481
-36.644217
-20.583630
28.020001
-45.594927
-7.174222
0.676025
-11.973103
17.736741
-82.265646
253.421670
8.960898
-11.321078
1.444460
-4.450373
-0.786182
-8.269841
3.187497
-37.054124
-13.226174
6.263778
-12.648673
-1.829818
-4.603757
-8.804795
3.758215
-2.074826
-0.260235
-5.983201
-3.773038
-4.234262
0.257294
-9.055821
-0.376366
-10.936763
-18.185575
4.840141
-6.644185
-3.177917
-9.631078
2.835440
-4.410174
13.511407
-62.857198
7.080245
-5.850207
-1.930319
-2.293499
-6.636898
9.386631
-47.892140
-385.919285
11.819123
3.762351
-1.205436
-4.936537
9.943408
-27.380046
-192.781886
-234.454401
20.427606
-18.212949
4.154671
-16.977481
-10.743388
-588.548080
240.216305
73.406238
-111.717121
-25.585151
2.464931
-35.355961
-93.302373
48.600571
3.486950
-12.289201
7.253329
-23.707106
65.912511
-120.424379
-10.884372
0.992816
-1.133553
-2.375720
7.551771
-17.861565
-41.393246
22.781115
-8.587672
13.130255
-5.738719
-2.193916
8.190618
-6.636625
-2.960830
-31.404413
4.422728
-6.632313
-4.531510
-9.242254
0.607464
-2.330435
-6.489257
23.303484
-0.415164
2.930329
-0.487874
7.121641
-7.199183
16.426347
-68.178627
-164.809695
10.675688
-10.000874
2.723203
-1.334622
-3.339192
-13.080154
-102.727929
-123.396141
30.257091
-27.415574
9.012997
-26.309167
3.869047
-180.892748
59.879324
-37.118030
-18.242378
3228.669462
-1049.859344
-1380.831845
2827.404627
-508.953612
-216.034690
23.891833
-84.734439
-16.013456
-430.814354
1663.491773
-177.811756
34.484342
-6.248133
17.411472
-16.455802
-58.269101
559.325378
-529.719500
32.698808
-27.992402
2.071270
-13.030621
-2.602128
-1.915000
-108.164021
247.696472
-36.275291
11.455707
-9.430490
1.520363
0.061150
-23.966688
74.037650
-570.205339
5.562356
-7.509654
6.420574
-6.386509
7.631723
-15.571709
-359.408450
-116.781674
-19.037350
-26.751024
-6.855731
-49.059995
-67.976571
-79.746817
72.357848
-65.762742
124.906577
-245.366693
-105.895840
-653.667866
-122.983443
31.964781
-29.323484
-8.319591
-76.338118
42.966053
16.283545
-15.158607
-4.930235
-3.050221
7.820039
-76.213663
-147.409666
25.634023
-9.986244
-2.630795
-26.423800
90.920280
102.958628
-115.748810
4.615750
-25.553886
-4.613500
-383.934089
125.550588
16.332068
-5.922811
144.784473
