-28.843367
214.469885
-387.644088
77.972151
-129.026190
-150.912649
-174.977233
1.063188
36.987438
-8.999511
29.230496
-308.786113
-90.572730
7.376654
-31.829962
-12.027510
-20.098237
217.675588
202.101454
-13.317957
16.350536
-0.846254
39.925744
-609.917373
-230.693948
-22.363862
-104.566944
-242.351375
161.081141
-270.800868
-228.551219
258.970318
-231.467624
115.734500
-224.369733
-233.780232
64.725550
-548.935019
-327.080789
50.780820
0.561146
20.115599
-41.067313
207.614116
-323.868613
89.840694
-36.821222
-1.352261
-17.825876
-1.528236
-18.952786
-28.268652
-136.738494
-56.234383
23.735530
-13.732688
3.612309
-0.647833
-45.312379
-15.035540
71.047565
17.441623
-47.737414
3.874285
-14.787177
-26.490352
35.446209
-59.187190
-227.014607
-9.497714
30.161938
-10.680065
1.711049
18.245690
-28.115241
-61.174818
-181.796440
43.624458
-73.081506
-3.909542
-41.255650
10.864951
-218.345382
48.661618
-97.831219
-233.914104
-180.267758
279.783993
-224.945010
66.959322
-36.401388
6.501031
16.303646
-69.131813
-1.960143
-33.014174
-0.658564
-21.119191
7.077795
-123.737297
-58.810669
-44.309649
18.457309
-7.274499
7.310088
-6.304184
5.105123
-83.560939
6.316926
15.743368
-15.738821
5.562042
-10.694798
6.729079
-7.391340
20.682290
-14.334680
-26.366334
10.965725
-9.630263
-2.133014
0.963389
-19.226796
-21.863809
31.219281
13.339612
-13.379616
-4.804488
-10.814081
-4.126873
4.420511
41.407514
-237.679957
-4.122260
-2.802715
1.438040
3.638434
-8.706163
2.191618
-334.676047
24.483998
1.921944
-1.146955
-4.777416
10.311445
-15.591573
-276.408456
-7.235399
-10.247856
-29.996538
5.164269
-81.337143
-189.296708
39.667626
218.146865
-296.259558
-88.749617
-19.224695
1.966235
-8.148268
-12.007471
-6.335606
-973.010973
-35.322198
19.621471
-6.395599
6.173968
-4.696442
24.345510
-651.501209
-0.157814
26.969749
-14.217260
2.347820
-4.693738
-0.986923
6.236222
-33.845819
-5.944351
-15.087444
8.422092
-8.029079
-1.357687
-2.578504
-2.795368
-6.125595
-5.413119
12.878462
-12.460250
1.667723
1.377567
-8.397110
7.762949
-1.930337
-12.088457
-13.595717
8.476947
-0.440283
1.107531
2.811144
-7.383238
-19.063095
42.579871
0.353639
-2.025838
-6.243326
-5.318923
1.408097
-3.149537
54.322518
-48.884946
-20.402920
-4.407081
-1.254027
3.219254
-14.005038
4.919453
167.959473
97.067095
-2.207493
-6.031052
0.258569
-7.531018
22.543967
108.911373
-46.553086
-78.579569
-26.973379
-297.602572
-2.312727
-3.436415
-12.021872
29.895832
-464.355478
309.646567
-5.570375
-10.159589
0.526160
-7.668089
6.942671
-55.681149
201.167770
-77.133758
-11.996172
4.059438
-4.417110
-2.148807
-2.572212
-0.696889
-7.094174
7.316664
11.178478
-15.669687
-0.247033
-2.645129
-9.398189
4.263240
-7.380415
-13.992455
-6.101345
0.543359
-2.978731
-2.975993
-3.151639
-1.570887
-9.477222
2.869791
4.311992
-8.356026
-3.747643
-6.110699
-0.609494
-3.112048
5.410251
-52.722498
6.110883
-3.123189
0.034200
-3.204926
-5.520252
12.268907
-32.641146
-223.942746
-1.937837
4.745497
-3.115505
-3.411255
8.861308
-10.996708
-1363.622678
-125.005287
1.143384
-8.090034
-1.923584
-14.105631
-32.028303
-213.354964
89.555139
81.903426
97.859446
-117.078998
-1.796926
-37.795793
-136.915225
-68.888695
11.171746
-8.426211
-1.008058
-0.701381
37.478004
60.971093
-11.501169
4.115305
-3.014953
-0.010342
1.276071
-16.520438
-100.319774
-58.424992
-3.764762
9.602753
-2.725390
-3.213393
8.716984
-0.812815
-8.152646
33.788792
-1.297179
-5.547367
-6.229724
-4.765029
-4.668593
-3.859471
3.087664
-66.110803
11.082418
-0.266853
2.924322
3.955191
-3.540507
16.702701
-50.311082
-207.162000
-0.853514
-4.473873
-1.555009
0.153199
-2.031001
-16.467008
-127.034377
-90.657255
16.076234
-18.232578
7.596132
-24.568509
-38.659358
-134.085609
33.363279
-15.384399
-41.470050
-106.228549
-860.432983
-1029.316282
-162.548762
-473.438884
-100.228408
-31.263890
-13.445254
-163.959779
-434.855455
219.281515
-99.595715
1.861492
6.322287
-0.931928
21.816841
-74.023359
576.093128
-31.127184
5.413565
-9.788415
-5.578087
-3.977391
-13.818248
-7.857518
-100.112121
-187.346273
-9.428227
1.195227
-0.485135
-4.472017
11.062518
-4.316665
-59.566869
-12.844524
-29.278442
6.295792
-2.352137
1.555564
-3.773977
-24.527253
-177.395676
-54.540904
-52.747112
-3.966075
-22.066613
-8.980794
-87.305233
-87.342395
33.402848
-24.841212
17.270389
40.873023
-510.840441
-47.245600
-639.985722
-79.389424
-16.950467
-12.310483
-128.624217
-79.043551
-117.366063
21.318159
-11.267741
3.820257
2.607026
33.559103
-5.269395
-20.067129
-2.171129
-11.159282
-9.305779
-179.606269
-248.312549
-30.504842
-13.796644
-0.398319
-34.622316
50.881196
-126.817694
25.630270
-20.558430
-113.780570
-0.313834
