-1.052789
16.796131
-13.472376
-191.786536
389.795902
-1257.507615
-177.545133
42.055418
-26.581321
46.261150
-104.482089
293.502503
49.166711
-28.737560
4.147299
-44.765868
59.059795
-164.272124
36.255660
14.090129
2.487036
-1.003969
-24.985273
0.112665
72.268150
-79.977915
-140.450225
281.403301
-711.569320
593.690984
-137.807548
743.830494
-476.701847
1224.009683
383.263166
-243.679103
-374.686272
68.263462
123.258660
-34.761431
-5.315057
54.592739
-123.622233
390.038873
-591.274581
7.540102
-12.145682
-0.523838
-28.521186
18.510019
-81.204583
683.841465
43.381424
-4.896564
-4.097877
-6.541931
9.028305
-13.530617
-6.403435
-363.545884
73.726388
-55.482286
-3.952589
-14.821430
-10.136683
-23.425129
5.731925
178.500296
-51.681514
13.723968
8.515264
0.985541
-16.492470
26.358903
-27.337080
-264.750769
-110.144083
2.791147
-55.758127
29.174821
-57.606076
-49.919858
110.634317
-53.621879
-22.040052
-288.479749
-421.226126
424.632511
495.154078
-59.284382
-27.511696
50.819714
-114.844999
776.501740
-81.198962
-8.815624
-4.481362
-28.019976
30.982752
-183.096351
51.208699
-9.839279
-0.124797
-1.187085
4.738404
-10.814916
17.480761
-215.922333
-11.692624
-9.565579
1.170561
-2.951360
-9.316203
5.982917
-11.784609
50.981354
-17.218188
-10.570680
-2.119002
-5.422041
-4.719674
1.925817
-16.110343
-37.184014
12.588766
4.604941
-5.618720
-8.173292
-8.814581
-2.877036
-0.353368
53.400810
-235.717950
-6.155140
-3.951932
-1.594839
-6.852128
-5.089093
3.094718
-216.544234
48.314080
-18.795084
9.358681
-0.107741
4.711447
-15.248401
-516.046811
60.872539
-44.733694
-30.242382
31.296503
-134.609684
-932.469384
465.841556
16.636105
195.897071
-410.511621
8.063277
6.740934
-28.632750
44.317913
-433.359836
-594.506999
-8.998202
16.267572
-7.421252
9.965282
-14.586420
51.976062
-705.637426
-66.709714
19.205160
-9.504829
0.710000
-5.419132
2.159715
0.379509
2.408192
4.017716
-7.821890
2.924534
-6.072623
-2.255763
-1.989790
-2.576092
-9.353520
-8.951017
7.351177
-9.157898
0.858480
-0.714724
-7.393991
4.454877
-6.069027
-2.526809
-11.971904
4.389580
-0.570917
2.531103
-0.678565
-5.478046
-13.981914
61.197569
-5.139660
1.820343
-5.908726
-5.373293
1.268177
-3.451861
3.981087
-244.887353
-17.800079
-7.126050
-3.122613
1.904418
-12.317253
9.986078
-75.489449
173.156212
-16.832467
1.347943
-7.207314
-5.991225
10.554714
432.264100
-212.976257
-23.349161
-6.369451
153.788768
-33.326353
-8.630792
12.369636
-36.629389
-20.674413
28.034305
-45.623621
-7.167846
0.672417
-11.962663
17.721362
-82.199079
253.387440
8.922372
-11.313232
1.442494
-4.449433
-0.793509
-8.261764
3.167858
-37.022717
-13.213039
6.260016
-12.647205
-1.830542
-4.595679
-8.812207
3.770735
-2.111550
-0.272206
-5.978961
-3.775748
-4.232271
0.246929
-9.046863
-0.382874
-10.915647
-18.161563
4.832275
-6.638707
-3.181897
-9.614948
2.822740
-4.399810
13.483881
-62.953980
7.106594
-5.867428
-1.918642
-2.331132
-6.606056
9.357515
-47.798910
-385.549729
11.732024
3.813173
-1.233496
-4.847573
9.860025
-27.301651
-193.167846
-233.969919
20.138910
-18.098847
3.860091
-16.690344
-10.681843
-567.607485
235.500390
63.863150
-124.963098
-25.580442
2.456980
-35.336936
-93.320834
48.648538
3.474304
-12.281790
7.236547
-23.680112
65.801895
-120.367569
-10.897027
0.997117
-1.135916
-2.365765
7.539085
-17.831694
-41.438062
22.762375
-8.581620
13.127389
-5.737138
-2.203419
8.200900
-6.654685
-2.906188
-31.388301
4.416207
-6.628084
-4.534218
-9.230351
0.595700
-2.319651
-6.523512
23.270474
-0.402451
2.921471
-0.482286
7.102882
-7.181186
16.408708
-68.138833
-164.682135
10.631533
-9.971230
2.705618
-1.286225
-3.388442
-13.026533
-102.857466
-123.249953
30.155587
-27.362797
8.874346
-26.146215
3.706427
-180.334015
59.655436
-36.550842
-18.995402
3212.985430
-1097.304435
-1097.713209
2564.462354
-509.086686
-216.001587
23.872731
-84.697609
-16.078405
-430.483636
1663.379879
-177.787759
34.474951
-6.242805
17.394476
-16.432356
-58.329858
559.391315
-529.695647
32.687939
-27.986491
2.067890
-13.016494
-2.618896
-1.882370
-108.274853
247.690439
-36.265580
11.448675
-9.426365
1.503755
0.078506
-23.984207
74.098975
-570.199173
5.542904
-7.494331
6.411769
-6.358856
7.603460
-15.543709
-359.410328
-116.709485
-19.095457
-26.720088
-6.936986
-48.973452
-68.067212
-79.521126
72.251758
-65.484774
124.601261
-245.792002
-106.593524
-653.634896
-122.971383
31.987681
-29.338704
-8.287948
-76.385240
43.062362
16.285955
-15.173116
-4.921575
-3.074882
7.850078
-76.257934
-147.401600
25.649871
-9.995711
-2.602558
-26.450155
90.897060
102.949405
-115.791977
4.639514
-25.613153
-4.558187
-383.894281
125.731933
16.241303
-5.728978
144.583450
