62.302335
935.200038
1667.769754
2697.413022
3616.914449
4294.445151
4793.119914
5139.604345
5355.928306
5485.601913
5564.779061
5616.129091
5652.571914
5681.163936
5705.670521
5728.074673
5749.419096
5770.264110
5790.928692
5811.607587
5832.417132
5853.403510
5874.538871
5895.724258
5916.807982
5937.615674
5957.980690
5977.764879
5996.866499
6015.218167
6032.779824
6049.530867
6065.463660
6080.579116
6094.884111
6108.390225
6121.113227
6133.072884
6144.292806
6154.800175
6164.625308
6173.801069
6182.362177
6190.344468
6197.784183
6204.717296
6211.178954
6217.203009
6222.821668
6228.065249
6232.962033
6237.538206
6241.817855
6245.823035
6249.573860
6253.088628
6256.383965
6259.474970
6262.375364
6265.097638
6267.653187
6270.052440
6272.304973
6274.419613
6276.404529
6278.267311
6280.015036
6281.654330
6283.191409
6284.632129
6285.982015
6287.246288
6288.429892
6289.537515
6290.573600
6291.542363
6292.447805
6293.293722
6294.083712
6294.821189
6295.509385
6296.151360
6296.750010
6297.308072
6297.828130
6298.312623
6298.763851
6299.183981
6299.575052
6299.938982
6300.277574
6300.592519
6300.885408
6301.157728
6301.410876
6301.646158
6301.864799
6302.067941
6302.256656
6302.431942
6302.594733
6302.745901
6302.886257
6303.016561
6303.137520
6303.249793
6303.353993
6303.450692
