5.916320
13.071958
-9.951947
-194.493209
392.816887
-1275.398129
-179.166671
42.919821
-27.519268
46.971703
-106.009310
301.396051
49.883687
-29.164711
4.632866
-45.157148
60.523773
-172.338559
33.426391
14.792898
1.597899
-0.125615
-28.274938
14.059011
74.487597
-83.397761
-134.711813
274.509897
-694.832689
571.605105
-125.953498
728.367464
-464.827805
1199.177294
379.944173
-238.560592
-377.371421
81.235757
123.899055
-34.785940
-5.593203
54.487990
-122.279596
384.316566
-578.903503
6.987026
-12.016248
-0.498442
-28.343267
18.189411
-79.671439
666.678074
40.594786
-4.500514
-4.167973
-6.493602
8.817160
-13.456005
-5.890480
-361.522406
74.007566
-55.311715
-3.812499
-14.801027
-9.959892
-23.026135
4.308593
179.259509
-51.499732
12.752392
8.914890
0.483781
-16.233704
25.606712
-25.925930
-264.418710
-106.131101
1.266034
-54.832017
28.466242
-56.620460
-48.452798
110.562764
-53.627852
-20.924764
-288.033233
-419.339146
418.325175
497.666309
-59.468181
-27.733797
51.363299
-116.395432
784.275162
-81.552574
-8.660599
-4.494195
-27.874341
30.367839
-181.157266
50.215033
-9.650128
-0.188632
-1.144778
4.564376
-10.585512
17.198082
-211.977939
-11.308880
-9.784721
1.209581
-3.009972
-9.112763
5.828676
-11.978519
50.895398
-17.204489
-10.451317
-2.218670
-5.386313
-4.927012
1.925389
-15.633172
-37.659601
12.052172
4.815833
-5.734536
-8.060507
-8.829907
-2.744629
-0.889393
53.640937
-231.310184
-7.441176
-3.383462
-1.741979
-6.762068
-5.166128
2.859729
-211.302319
49.364677
-19.366090
9.254458
-0.178787
4.542098
-14.875347
-508.108961
58.912395
-42.765830
-30.756613
32.934375
-140.479896
-938.762072
453.508811
31.065844
180.029407
-410.692263
7.615196
6.976578
-28.872809
44.934492
-439.342850
-574.895204
-9.440757
16.285870
-7.463105
9.828420
-14.194253
51.275474
-685.748806
-66.652253
19.179001
-9.466668
0.696358
-5.227591
1.906383
0.440654
1.782511
3.918756
-7.705068
2.858696
-6.059950
-2.418707
-1.876770
-2.478145
-9.545016
-9.008816
7.294764
-9.087967
0.858417
-0.521094
-7.503875
4.327317
-5.806675
-2.265154
-12.061611
4.471414
-0.626682
2.479087
-0.622264
-5.251055
-14.309353
57.821044
-4.349187
1.362926
-5.781205
-5.409368
1.214510
-3.438060
1.868217
-245.459957
-18.673927
-6.505848
-3.201936
1.956107
-12.147572
10.077932
-76.622714
170.661251
-16.574656
0.853355
-7.162089
-6.583758
11.356678
432.390743
-207.862066
-32.511856
3.170075
156.998146
-32.851322
-8.890610
12.607052
-37.740032
-16.748373
18.201430
-45.360881
-7.138334
0.694865
-11.800674
17.511542
-82.014421
245.007636
9.478395
-11.441176
1.404325
-4.420228
-0.986514
-8.061427
3.163381
-36.743661
-13.388174
6.222596
-12.570384
-1.870496
-4.403863
-8.958566
3.736882
-1.995252
-0.100283
-5.994066
-3.776813
-4.224041
-0.012323
-8.798860
-0.372407
-11.083095
-18.143891
4.867968
-6.741315
-3.150805
-9.469564
2.609831
-4.536833
13.689878
-62.386400
7.088375
-5.746533
-1.947989
-2.320854
-6.680828
9.693589
-46.684516
-385.744156
11.732319
3.597694
-1.211899
-4.931547
9.986069
-28.059046
-188.299871
-229.927507
19.168328
-17.641352
4.071269
-16.908282
-10.233985
-575.358726
238.550463
77.929548
-128.510646
-27.158434
3.577846
-37.264955
-86.247517
47.597068
3.367335
-12.419027
7.256211
-24.197173
65.193539
-123.467362
-9.983312
0.936481
-1.113598
-2.203822
7.550729
-17.782185
-41.874710
23.661530
-8.703152
13.005679
-5.686058
-2.424956
8.180805
-6.426614
-3.170499
-32.144876
4.713295
-6.785086
-4.478596
-8.812186
0.257489
-2.303733
-6.499751
23.040066
-0.591805
3.179240
-0.654200
6.893191
-7.129304
16.934499
-68.120894
-159.836787
10.475205
-10.015627
2.720736
-1.378159
-2.782339
-14.013185
-104.360498
-123.918859
30.108380
-27.233688
9.133363
-27.002710
5.215882
-176.395241
58.501317
-37.498391
-16.377911
3340.147029
-1148.084578
-1383.397480
2850.409312
-517.832773
-213.107195
24.462637
-86.082318
-10.425550
-434.868689
1651.899449
-175.931225
34.183684
-6.413163
17.473974
-17.436075
-54.808090
540.568714
-529.943758
32.480611
-27.832936
2.087252
-12.907621
-2.235213
-2.998089
-104.075329
245.247541
-36.112261
11.590487
-9.500558
1.234253
0.112832
-23.162618
70.037734
-563.584566
4.918065
-7.770318
6.574095
-6.320488
7.787558
-16.795628
-363.108459
-115.667181
-18.369162
-26.405552
-6.755683
-48.427265
-69.559579
-80.490295
71.300573
-65.803602
122.196121
-244.386058
-96.873148
-650.884280
-119.342830
31.163667
-28.410486
-9.392089
-72.220743
5.342951
13.674127
-14.552123
-5.308411
-2.795248
6.268018
-69.255173
-148.354654
24.945464
-9.660871
-2.674092
-25.435453
84.504716
103.683079
-113.655510
3.805999
-24.920777
-5.698122
-379.116607
117.489979
16.767462
-7.579979
142.819340
