-60781.627598
-56457.086889
-55073.079879
-54871.958888
-54835.297050
-54831.871072
-54831.507254
-54831.070886
-54831.109542
-54831.301060
-54831.442528
-54831.525353
-54831.567407
-54831.584895
-54831.588853
-54831.585972
-54831.579981
-54831.572788
-54831.565271
-54831.557807
-54831.550571
-54831.543699
-54831.537342
-54831.531646
-54831.526723
-54831.522616
-54831.519289
-54831.516655
-54831.514596
-54831.512998
-54831.511760
-54831.510803
-54831.510068
-54831.509514
-54831.509109
-54831.508832
-54831.508664
-54831.508589
-54831.508594
-54831.508665
-54831.508791
-54831.508960
-54831.509161
-54831.509386
-54831.509626
-54831.509876
-54831.510128
-54831.510379
-54831.510625
-54831.510864
-54831.511094
-54831.511313
-54831.511522
-54831.511721
-54831.511908
-54831.512085
-54831.512252
-54831.512410
-54831.512558
-54831.512699
-54831.512832
-54831.512957
-54831.513076
-54831.513189
-54831.513296
-54831.513397
-54831.513494
-54831.513585
-54831.513672
-54831.513754
-54831.513832
-54831.513907
-54831.513977
-54831.514044
-54831.514107
-54831.514166
-54831.514223
-54831.514276
-54831.514326
-54831.514373
-54831.514418
-54831.514460
-54831.514499
-54831.514536
-54831.514571
-54831.514604
-54831.514635
-54831.514663
-54831.514690
-54831.514715
-54831.514739
-54831.514761
-54831.514782
-54831.514801
-54831.514819
-54831.514835
-54831.514851
-54831.514866
-54831.514879
-54831.514892
-54831.514904
-54831.514915
-54831.514925
-54831.514934
-54831.514943
-54831.514951
-54831.514959
-54831.514966
