-60184.602075
-55860.061365
-54379.236030
-54089.600434
-54006.279084
-53984.192805
-53977.806169
-53974.930452
-53973.323215
-53972.395883
-53971.823340
-53971.439630
-53971.160712
-53970.943213
-53970.764162
-53970.610973
-53970.476428
-53970.356127
-53970.247219
-53970.147763
-53970.056427
-53969.972313
-53969.894837
-53969.823616
-53969.758366
-53969.698819
-53969.644675
-53969.595580
-53969.551142
-53969.510946
-53969.474581
-53969.441652
-53969.411797
-53969.384690
-53969.360039
-53969.337592
-53969.317122
-53969.298433
-53969.281353
-53969.265726
-53969.251416
-53969.238301
-53969.226270
-53969.215224
-53969.205074
-53969.195737
-53969.187142
-53969.179221
-53969.171915
-53969.165169
-53969.158935
-53969.153169
-53969.147831
-53969.142884
-53969.138298
-53969.134043
-53969.130092
-53969.126422
-53969.123011
-53969.119840
-53969.116891
-53969.114148
-53969.111595
-53969.109219
-53969.107009
-53969.104951
-53969.103036
-53969.101254
-53969.099595
-53969.098052
-53969.096615
-53969.095279
-53969.094036
-53969.092879
-53969.091804
-53969.090803
-53969.089873
-53969.089008
-53969.088204
-53969.087457
-53969.086762
-53969.086116
-53969.085516
-53969.084959
-53969.084441
-53969.083960
-53969.083513
-53969.083098
-53969.082712
-53969.082354
-53969.082021
-53969.081712
-53969.081426
-53969.081160
-53969.080912
-53969.080683
-53969.080470
-53969.080272
-53969.080089
-53969.079919
-53969.079761
-53969.079614
-53969.079478
-53969.079352
-53969.079234
-53969.079126
-53969.079025
-53969.078931
