-6.424601180370923430e+03
-6.422583942771461807e+03
-6.421230025927560746e+03
-6.420456083660093100e+03
-6.419954366930276592e+03
-6.419611886089737709e+03
-6.419371552345070086e+03
-6.419197948390109559e+03
-6.419068686514116052e+03
-6.418969524397726673e+03
-6.418891306202178384e+03
-6.418828043418668130e+03
-6.418775727640983860e+03
-6.418731599797135459e+03
-6.418693695590392963e+03
-6.418660554713830606e+03
-6.418631025496121765e+03
-6.418604123196964792e+03
-6.418578915381872321e+03
-6.418554416620238044e+03
-6.418529482138374988e+03
-6.418502704731264203e+03
-6.418472360439192926e+03
-6.418436548954980026e+03
-6.418393830550498933e+03
-6.418344608808793055e+03
-6.418292560030432469e+03
-6.418243945531652571e+03
-6.418204125495578410e+03
-6.418174796566973782e+03
-6.418154570528345175e+03
-6.418141019083465835e+03
-6.418131978760417041e+03
-6.418125896916913916e+03
-6.418121749773474221e+03
-6.418118879962286883e+03
-6.418116865414822314e+03
-6.418115432173061890e+03
-6.418114399814458011e+03
-6.418113647713017599e+03
-6.418113094043704223e+03
-6.418112682539828711e+03
-6.418112374013364388e+03
-6.418112140842831650e+03
-6.418111963339576505e+03
-6.418111827320555676e+03
-6.418111722466837819e+03
-6.418111641200478516e+03
