37.077195
9.202678
14.476450
8.762026
-8.080622
-20.636299
11.219535
-14.724927
17.809071
21.941407
11.157457
5.678172
-21.211874
3.074951
-33.520298
5.615976
-10.644360
16.553793
-24.694816
66.875307
-11.917389
0.407546
-25.912584
8.195698
47.183099
-14.414104
32.636394
-36.859364
57.700070
59.654423
10.505999
4.684149
-48.989941
21.884214
-77.549088
33.443244
-6.663395
-25.284692
14.438150
-29.867775
29.606861
-29.748695
-20.760034
25.173197
-7.008240
-30.361683
21.577247
-85.678428
56.353616
-45.476721
-8.812933
-17.161080
32.640629
-24.692980
17.424971
-25.012160
42.373468
-35.430922
-16.888633
37.086169
-31.433787
1.150618
21.586867
19.843010
-9.286243
-6.057943
19.949262
-55.968047
86.683622
-38.860149
-25.622493
8.701993
-49.203680
3.472265
25.590945
-32.122822
-1.418969
11.853178
-18.573899
23.022315
-30.002108
41.873896
37.186713
-13.861472
-5.795680
-8.563327
-4.549510
-5.876714
-17.450214
19.750750
-15.538308
-25.130044
5.497040
-4.777922
-15.315642
13.750780
-23.822631
3.638852
38.719228
-27.151313
5.600199
-51.346136
3.756467
-34.212558
7.601346
-5.522082
4.759545
-1.652065
15.715278
-30.088351
13.400265
0.110122
110.849428
-46.583737
-20.298722
-7.403791
-24.297750
-21.132012
-8.017114
11.495275
-29.382913
68.045148
25.554001
18.463718
-15.520075
-0.385161
-14.832273
-9.241654
-136.843384
38.362190
-5.476649
-21.080189
40.277532
-58.297025
21.365942
14.112167
-13.474476
-13.911829
5.406579
-28.287834
12.014029
-13.491144
-64.296912
-1.957731
5.682861
-6.369011
-10.307067
5.660876
-1.984041
-38.296052
15.754088
11.932272
-26.744136
-5.080038
0.938989
-23.714776
4.312139
-4.830881
-57.583645
-4.399594
-0.818694
11.820554
-7.370191
13.665156
-18.275110
-19.746371
200.304903
-46.631444
12.716486
-29.927464
0.861956
-8.943728
-29.818776
120.050804
-62.346364
4.242056
4.880283
4.077142
-13.044804
34.009631
48.762792
-8.058303
-14.010219
-0.677362
-34.807702
-19.022195
6.427703
-17.227484
-9.836433
2.416354
-26.496443
-0.482361
-6.780348
30.464438
99.151898
-42.334904
-13.098706
14.286082
-66.707432
27.594793
-6.592132
-37.670413
6.090454
6.800225
-19.766305
34.185987
-29.817120
-70.290914
4.840978
5.315405
-21.921959
-11.067024
-2.526043
-32.607163
5.299444
24.863708
-30.122370
-17.019132
-0.987518
-0.846418
-4.452894
0.565952
-11.786557
-21.484750
37.228961
-1.853434
-5.255243
-21.330886
-8.814878
-15.480756
8.463032
2.434208
-234.737506
29.116810
-15.093365
14.900225
-11.517944
5.176759
11.754227
-152.258094
26.138519
-5.283879
-19.634038
-28.680075
16.777146
-63.557493
2.346698
-8.884320
-6.747320
24.046016
-1.324612
5.533801
-3.774405
4.396189
78.473523
-99.571754
-4.738772
29.817906
-24.482364
-15.506825
30.367173
135.113505
265.982423
-117.531107
8.961718
-20.669222
14.668497
-39.338885
-80.354183
316.016269
-75.844266
11.755613
18.145711
-3.516652
-14.311790
36.528470
-3.979215
-118.951276
64.372440
-22.785852
-0.094651
-20.922251
-4.122042
-18.447727
-5.583815
41.745183
-119.160785
23.090647
-10.169851
15.573779
-5.825363
16.043954
-4.461445
-86.046768
-43.660715
-0.198026
-18.005213
17.025505
-32.257693
-33.639238
-149.632004
44.093672
-24.801818
-24.806191
4.870789
44.408907
-166.938315
44.420767
22.072995
-158.323429
-28.075286
-65.694703
51.089800
-274.528101
49.046901
-36.399757
40.868639
-35.971150
85.511698
-57.031187
-10.900834
-35.476517
-15.571570
14.386146
-75.705426
22.999566
61.881956
-18.126232
-5.974002
-10.975439
9.671620
-23.218391
24.371310
-20.061408
-12.312624
-59.673373
27.758467
-30.549672
23.925631
-34.168598
-6.725760
-74.087777
15.557828
-80.423988
5.234815
13.017720
65.951652
211.395771
-144.455744
12.274784
-69.818647
-35.772839
23.913475
-42.082033
72.831371
34.320534
-31.745486
27.548744
-61.524927
-126.236195
50.068205
-96.494030
51.138290
-22.503855
166.381459
