1.800000000000000044e+00
1.711566498782346235e+00
1.702183183149326373e+00
1.702156498624983083e+00
1.702430871782058874e+00
1.702808609572155740e+00
1.703249489017155893e+00
1.703724408562520276e+00
1.704210836349625557e+00
1.704693888843998639e+00
1.705165556878405209e+00
1.705622635583311286e+00
1.706064599576530894e+00
1.706491952743968366e+00
1.706905048434200545e+00
1.707303188902809854e+00
1.707683803688767155e+00
1.708041541636189375e+00
1.708367148957849357e+00
1.708646078118330358e+00
1.708856995561337522e+00
1.708970997257015956e+00
1.708953870125782704e+00
1.708776390407878765e+00
1.708438936640287009e+00
1.708006157641552836e+00
1.707614578826519347e+00
1.707404401713312980e+00
1.707420291607401497e+00
1.707601054654088957e+00
1.707853551408152537e+00
1.708110252384384964e+00
1.708338760001015588e+00
1.708529779139297489e+00
1.708684880162490760e+00
1.708809359027280372e+00
1.708909014597746578e+00
1.708988980815924652e+00
1.709053450520364947e+00
1.709105729807474994e+00
1.709148387037907835e+00
1.709183407945738864e+00
1.709212328836267281e+00
1.709236342796405905e+00
1.709256381570372074e+00
1.709273177670388666e+00
1.709287311171787005e+00
1.709299244896446357e+00
