1.000217736344127047e+03
1.089221942367282736e+03
1.159077037656697257e+03
1.216311605972236293e+03
1.264747993769170535e+03
1.306152313635519477e+03
1.341448483620592697e+03
1.371324835885591028e+03
1.396457787683173137e+03
1.417558278005170450e+03
1.435345974661239552e+03
1.450504804049811355e+03
1.463646954254408229e+03
1.475295034484647658e+03
1.485881210000793999e+03
1.495757843955060707e+03
1.505214290003153337e+03
1.514496326723834500e+03
1.523826608737468177e+03
1.533425714816541813e+03
1.543533553890865278e+03
1.554429322359870412e+03
1.566442938095147383e+03
1.579938280914947427e+03
1.595227427551095843e+03
1.612367502721116807e+03
1.630876619835981501e+03
1.649626491234742844e+03
1.667207558506313262e+03
1.682551866997033585e+03
1.695245682000559327e+03
1.705404066845474290e+03
1.713398229372538026e+03
1.719653854688984893e+03
1.724554702709137018e+03
1.728413529846542360e+03
1.731473541511771373e+03
1.733919888207393114e+03
1.735892399176262188e+03
1.737496570348776004e+03
1.738812217077296054e+03
1.739900022384113981e+03
1.740806406669919625e+03
1.741567124751089978e+03
1.742209919360638196e+03
1.742756481689410975e+03
1.743223904520357564e+03
1.743625763712045682e+03
