-5.605542227365829604e+03
-5.599772792386863330e+03
-5.596609127807397272e+03
-5.594357298317928326e+03
-5.592670897967255769e+03
-5.591375435869990724e+03
-5.590363169171823756e+03
-5.589560845859354231e+03
-5.588915766348401121e+03
-5.588389309134287032e+03
-5.587953070200402180e+03
-5.587586133273438463e+03
-5.587273036468457576e+03
-5.587002261313308736e+03
-5.586765125500631257e+03
-5.586554977299508209e+03
-5.586366604990965243e+03
-5.586195792262461509e+03
-5.586038967284879618e+03
-5.585892907607027155e+03
-5.585754476690279262e+03
-5.585620387732117706e+03
-5.585487032361006641e+03
-5.585350502642721949e+03
-5.585207085506580370e+03
-5.585054590636847934e+03
-5.584894420981533585e+03
-5.584732903932431327e+03
-5.584579559852671082e+03
-5.584442675231626708e+03
-5.584326139230215631e+03
-5.584229682422577753e+03
-5.584150795440161346e+03
-5.584086349814358982e+03
-5.584033425815980991e+03
-5.583989592456635364e+03
-5.583952928718075782e+03
-5.583921952327047620e+03
-5.583895529812069071e+03
-5.583872794876348962e+03
-5.583853082263389297e+03
-5.583835876868646665e+03
-5.583820775588094875e+03
-5.583807459097166429e+03
-5.583795671109156501e+03
-5.583785203162758989e+03
-5.583775883454608447e+03
-5.583767568614560332e+03
