5.464850808683635108e+01
5.544466567218426789e+00
1.666978455384368374e+01
1.122235459542063474e+01
-1.062103054189825535e+01
-2.931914706971252471e+01
1.717099198421101391e+01
-2.017589046645866091e+01
3.204744682180898252e+01
1.126175436288875886e+01
1.021017663717054269e+01
1.204222640946398037e+01
-2.721017281704516932e+01
9.802930093912811671e+00
-5.358487277949451055e+01
2.590436282304979088e+01
-1.791135853447865500e+01
2.608141916637742241e+01
-3.834294812270354669e+01
1.114814820268502444e+02
-5.317458302299200312e+01
-7.947085166864115813e+00
-1.177501142305202464e+01
-8.743104273206578014e+00
1.111167710856061603e+02
-3.533408210682238604e+01
4.531741169198831187e+01
-4.891596184732087949e+01
8.017354049355111556e+01
6.712429422292049708e+01
3.884375355334860558e+00
1.875138166297675824e+01
-6.119261458356393746e+01
3.353050041788011981e+01
-1.065767303066374296e+02
5.402540076384539702e+01
-2.364769316001976929e+00
-3.307862362352122432e+01
2.224058840338711818e+01
-3.785226144119605607e+01
5.298333922273292274e+01
-4.593502191138281177e+01
1.447072031890312971e+01
2.103647252783127186e+01
1.539689388212415466e-01
-4.174412829498795929e+01
3.594732334187347789e+01
-1.385295282083043276e+02
9.518035045199540889e+01
-9.370799433899946962e+01
-1.190979509698102135e+01
-1.586183464716550517e+01
3.394156260007375892e+01
-2.401541813465286523e+01
1.188032047907236510e+01
-2.716648246797337407e+01
7.205681619888783018e+01
-5.044263977744840588e+01
-2.077898726792744455e+01
4.557250117262191225e+01
-3.032724891797298028e+01
1.350082639403825802e+01
4.992546011607853274e+01
-1.100514529421261223e+01
-1.327262395035783697e+02
6.047230727048156673e+00
3.626783789563845772e+01
-7.852538995525775078e+01
1.048747884253563427e+02
-3.192449645877982078e+01
-2.721932063054778084e+01
8.992879006815106990e+00
-4.982802665067365666e+01
4.623513960303975434e-01
4.753300243280365578e+01
-3.585448461230511441e+01
-6.074691436238170539e+00
1.449811707384783332e+01
-1.979914011111966587e+01
2.614226242405232270e+01
-3.226026867312643986e+01
-1.490327910932275568e+00
4.638113396613694306e+01
-1.434419521851928359e+01
-3.207276282990553895e+00
-9.907444751976408170e+00
-4.258107212056995827e+00
-7.076179206013100575e+00
-1.986763761906747661e+01
5.919842348965286050e+01
-3.245402152451499944e+01
-2.592899734947608792e+01
4.276036384780671717e+00
-3.019817723180709290e+00
-1.683597555280482183e+01
2.150941522131406813e+01
-2.982281156184667026e+01
1.619115795356363519e+00
5.174665246619033354e+01
-3.044519603781087724e+01
8.533268396273680167e+00
-5.323764885209303088e+01
3.802273436900558856e+00
-3.535094356918980196e+01
1.007182462090312569e+01
-4.717939698679312954e+00
2.257481412691642930e+00
-1.660852169626312325e+00
1.528398791107309762e+01
-2.660865881957751000e+01
1.031994110877938553e+01
3.140880026966205163e-01
1.229186658597339630e+02
-4.860632736468680548e+01
-1.773511874423765988e+01
-1.726095059884190519e+01
-1.045487813374124642e+01
-3.606116847572251771e+01
2.736695701445569995e+01
-1.558523048756415186e+01
1.530434426250352331e+01
7.929444584712560129e+01
1.221806725307045838e+01
3.584154992486136848e+01
3.529657759930405803e+01
-1.452327141607561600e+00
-2.932444263152279262e+01
-3.695584419831701717e-01
-1.587827795864121185e+02
3.859755103238020268e+01
-6.697432438398755572e+00
-2.022068384710167877e+01
3.985091839074958386e+01
-5.751310818006700032e+01
3.062852114992487440e+00
1.947448087061273014e+01
-1.195764640406468082e+01
-1.435500577425917612e+01
4.709267833751296095e+00
-2.710402238909109229e+01
8.406309421117018843e+00
8.791222448409797607e+01
-7.456381691671236922e+01
-2.446295711853820887e+00
4.817856619895661829e+00
-6.493253605211747548e+00
-9.134055981421431269e+00
3.108534300727898714e+00
4.961477398070885947e+00
-1.048173676744992804e+02
3.245806152161238600e+01
1.286632361381866296e+01
-2.671336749757776730e+01
-5.334385879533958708e+00
8.486971541115666540e-01
-2.540318607023863606e+01
5.280211065997492348e+00
1.406317080062171243e+01
-7.312314136326641290e+01
-3.236939989926067351e+00
-2.181200588287476094e+00
1.244868981623663728e+01
-7.013173550161281966e+00
1.370326355896838599e+01
-1.906399837169184153e+01
-3.072611210611660937e+01
2.188994024498213946e+02
-4.572494273086432059e+01
1.327967499368679150e+01
-2.964749595666102877e+01
-1.726642814143410920e+00
-6.579906929119476722e+00
-3.100150610077793800e+01
1.364199689323603764e+02
-7.298784475120402249e+01
5.700067632028203768e+00
2.709373992177009249e+00
1.092708338603005203e+01
-2.025737965844522392e+01
4.011796444265873873e+01
6.183138378071556218e+01
-3.121010130492072676e+01
4.500070137168565410e+00
-3.274892991205770443e+01
-4.895000733985876451e+01
4.737980756192780696e+00
1.271897352689645100e+00
-1.016814947260094826e+01
-1.807935172322975959e+01
1.078011536401215764e+01
-9.980382070793986315e+01
-1.063031104270704352e+00
1.767247068332840243e+01
1.989763516136147814e+01
1.411536283738910242e+02
-4.729982995326069783e+01
-8.799106302577625272e+00
1.072414965417256383e+01
-6.050353288769990456e+01
8.352580999950566465e+00
1.175038724547355571e+02
-6.090622133250082015e+01
9.850182100771748495e+00
4.214358897615013255e+00
-1.608508745488079938e+01
2.684477058871108568e+01
-8.788970536988593096e+00
-5.176152744688442908e+02
-5.473168452435668030e+01
1.685334631171918218e+01
-2.535415115923638751e+01
-9.231611518457247811e+00
-4.057004202419880023e+00
-2.990033094746387121e+01
-2.637381085721557383e+00
1.461222331226560982e+02
-5.178112420741228306e+01
-1.734238522668204041e+01
-1.286426427945796869e+00
-1.228570374161898293e+00
-3.609707662455229560e+00
-1.280385860820606903e+00
-5.656257238851948088e+00
-9.256148483919299963e+01
6.117303318582843019e+01
-4.540534961605665387e+00
-3.033247167072377959e+00
-2.189707056349107717e+01
-9.302922636161422787e+00
-1.378799605116144633e+01
4.760219733418361798e+00
5.085705162273847435e+01
-2.706695559216443598e+02
3.189682827951659050e+01
-1.760524038428576077e+01
1.506399985969740385e+01
-8.966362835269043430e+00
6.996201143621508800e-01
1.910341454562070496e+01
-2.164493079539770122e+02
2.846256925920069136e+01
-2.854766985823300018e+00
-1.910048595568259344e+01
-3.393116073034968139e+01
2.509802456551553718e+01
-7.571647473648856419e+01
3.568294506693143830e+01
-3.645905032929314160e+01
4.421319151037110373e+01
3.910526303364137135e+01
5.388575428242920573e+00
-3.087412064554723834e+00
3.947026050474529146e+00
-6.512855662131539880e+00
1.690834669661091993e+02
-2.966490797619582054e+02
-9.426082171449128566e+01
4.893625455646409250e+01
-3.791797868984271247e+01
-2.435886215397493171e+00
2.304763666898919183e+01
1.648048526372887750e+02
1.187649287133019129e+02
-7.904228791858594150e+01
2.808850342244644249e+00
-1.623828045906662254e+01
7.874166667715336132e+00
-2.927743984688311585e+01
-1.021085344608637229e+02
8.034400763224991806e+02
-9.000630990310067858e+00
-4.270212833508353789e+00
2.335735117155682872e+01
-6.575776226101080368e+00
-1.217030190432373615e+01
3.319984804946575707e+01
6.594840197889575428e+00
-2.910645209190140577e+02
1.112041549968369338e+02
-2.041402124612050528e+01
-1.216821319535644541e+00
-1.992373216643706613e+01
-4.057137656588611030e+00
-1.789429305010405713e+01
-1.097266684627550326e+01
1.243400272463804441e+02
-1.487430966632138620e+02
2.562278497998708460e+01
-1.181149981287433448e+01
1.603298224953439188e+01
-7.205077764425678488e+00
1.623649234610441638e+01
-1.459346745900979236e+00
-1.464210872039563753e+02
-4.455652994017812318e+01
5.841186130510505059e-01
-1.825230608412233835e+01
1.899351968718883299e+01
-3.271597776486064646e+01
-3.732133132760085203e+01
-1.554894462078559627e+02
4.786297153194741583e+01
-2.265247981796275312e+01
-4.720461316185144085e+01
2.675535909170294957e+01
2.765383578992168978e+01
-4.939359410931427874e+02
2.297871744677794368e+02
-2.688913471627614626e+02
-3.383301138044130312e+02
-4.395861736796117469e+00
-7.162440524674566689e+01
7.032247884250948289e+01
-3.999281062728074403e+02
-1.336657137252352641e+02
-2.334620749559113406e+01
3.768678266824261414e+01
-3.246262125554252975e+01
9.759968249690524544e+01
-1.746301194204750118e+02
3.414491291225561298e+01
-4.365394536838309136e+01
-1.230292995696626512e+01
1.366432325183694374e+01
-7.836558561308136461e+01
3.825686617790773880e+01
1.101085977727297234e+02
-3.509911620518055315e+02
-1.233870978394517515e+01
-1.050685233253030937e+01
9.264219851348732604e+00
-2.431793975012790199e+01
2.656990864612781422e+01
-2.579899758958746503e+01
-3.204188749435310513e+01
-6.130770965542912876e+01
3.202375900400960518e+01
-3.225921901977741868e+01
2.739238532956260741e+01
-3.652563760427344874e+01
-2.039863937801342786e+00
-7.927380084593815468e+01
1.737872504573551424e+01
-8.516162315324261556e+01
5.678274775679896358e+00
7.281649534396637868e+00
1.074474993740503237e+02
2.457539509938985134e+02
-1.589195588373201531e+02
-2.398955860127862394e+01
-2.286714833277230596e+01
-4.905042595834742514e+01
3.123728050298547387e+01
-4.928654187876932014e+01
7.878027512269346744e+01
5.053668565943095814e+01
-4.034451525490780455e+01
3.777255923205468946e+01
-7.004224468327947761e+01
-1.731369993587153431e+02
7.509103862438172428e+01
-1.283953173692734708e+02
6.764307220176642943e+01
-5.318848541016368614e+01
2.091900812980872217e+02
