-6376.968988
-6238.564023
-6183.381863
-6145.629646
-6117.119789
-6093.852845
-6074.101528
-6056.901952
-6041.674926
-6028.035027
-6015.707311
-6004.485044
-5994.207100
-5984.744712
-5975.993077
-5967.865693
-5960.290336
-5953.206113
-5946.561235
-5940.311322
-5934.418065
-5928.848191
-5923.572628
-5918.565835
-5913.805264
-5909.270919
-5904.944991
-5900.811557
-5896.856332
-5893.066457
-5889.430323
-5885.937417
-5882.578197
-5879.343981
-5876.226850
-5873.219568
-5870.315508
-5867.508591
-5864.793230
-5862.164281
-5859.617001
-5857.147010
-5854.750257
-5852.422988
-5850.161723
-5847.963227
-5845.824492
-5843.742717
-5841.715288
-5839.739764
-5837.813863
-5835.935449
-5834.102516
-5832.313186
-5830.565691
-5828.858368
-5827.189651
-5825.558062
-5823.962209
-5822.400772
-5820.872504
-5819.376224
-5817.910812
-5816.475206
-5815.068395
-5813.689421
-5812.337368
-5811.011366
-5809.710587
-5808.434237
-5807.181562
-5805.951838
-5804.744374
-5686.462452
-5676.663286
-5674.935560
-5631.844917
-5630.762503
-5613.992922
-5613.646129
-5606.225886
-5606.112842
