-6892.682580
-6744.228942
-6690.257916
-6657.174971
-6632.436132
-6612.526706
-6595.794898
-6581.342602
-6568.628269
-6557.296083
-6547.095471
-6537.840517
-6529.387987
-6521.624505
-6514.458525
-6507.814984
-6501.631570
-6495.856018
-6490.444093
-6485.358058
-6480.565485
-6476.038326
-6471.752175
-6467.685678
-6463.820050
-6460.138693
-6456.626872
-6453.271454
-6450.060688
-6446.984025
-6444.031959
-6441.195901
-6438.468068
-6435.841390
-6433.309425
-6430.866292
-6428.506613
-6426.225454
-6424.018286
-6421.880941
-6419.809575
-6417.800643
-6415.850864
-6413.957202
-6412.116838
-6410.327158
-6408.585729
-6406.890287
-6405.238719
-6403.629056
-6402.059454
-6400.528191
-6399.033651
-6397.574319
-6396.148774
-6394.755677
-6393.393772
-6392.061871
-6390.758858
-6389.483676
-6388.235328
-6387.012869
-6385.815404
-6384.642088
-6383.492114
-6382.364719
-6381.259176
-6380.174794
-6379.110914
-6378.066909
-6377.042179
-6376.036153
-6375.048284
-6254.816058
-6251.693062
-6250.961214
-6224.134319
-6224.020745
-6214.479604
-6214.460802
-6210.984457
-6210.981160
