101.259348
100.835694
101.328956
102.051879
102.701324
103.311008
103.886571
104.432882
104.953004
105.449488
105.924527
106.380048
106.817744
107.239100
107.645424
108.037866
108.417447
108.785075
109.141564
109.487643
109.823976
110.151161
110.469748
110.780235
111.083083
111.378713
111.667516
111.949851
112.226051
112.496424
112.761259
113.020820
113.275358
113.525103
113.770273
114.011070
114.247683
114.480291
114.709060
114.934147
115.155701
115.373859
115.588754
115.800509
116.009241
116.215060
116.418072
116.618376
116.816066
117.011231
117.203956
117.394323
117.582407
117.768283
117.952019
118.133683
118.313337
118.491043
118.666858
118.840838
119.013035
119.183500
119.352281
119.519426
119.684977
119.848978
120.011470
120.172491
120.332080
120.490272
120.647102
120.802602
120.956806
281.340280
281.551890
281.635331
398.417227
398.450037
490.594747
490.605801
556.082089
556.086386
