-25.626905
18.740173
-20.108926
29.145778
4.137316
10.830687
-25.885727
6.139316
-39.868229
8.540768
-20.049946
19.876102
-27.668420
73.203905
-8.505343
31.194676
-41.280896
60.482366
4.726279
9.157177
-50.779109
25.776853
-79.225814
40.718781
-1.628179
-29.047405
16.585579
-32.905268
33.206264
-31.132421
12.580504
0.883730
-33.248496
25.801059
-91.388816
44.211191
1.656474
-21.917144
24.932825
-29.287915
36.589470
-29.919366
-26.658337
-8.853333
43.933475
-56.567853
-5.772240
11.775221
-83.616551
-28.837727
-25.277609
10.241127
-39.125569
-14.894954
-3.347403
11.161475
-18.537988
18.905948
-23.537839
36.794173
-20.581751
-4.909265
-8.623970
-4.165617
-5.193286
-19.475791
22.341249
-10.394840
-20.756802
4.589460
-4.574870
-16.165599
14.864416
-21.927343
-3.027528
13.197805
-29.731766
5.710277
-50.767071
4.278701
-38.105024
11.211406
-18.997460
20.430513
-5.473979
18.274206
-29.015491
16.801932
-4.144124
-14.400544
-35.529275
0.703837
-36.077022
-65.233157
35.331755
-26.257686
32.898481
17.719711
14.410062
-15.329001
-5.453706
-4.579815
-3.142282
-110.915432
35.117741
-6.479134
-24.862133
41.153330
-91.776921
-39.485847
15.305518
-14.946386
-12.581483
5.966966
-28.646820
21.801684
-86.474947
-34.074843
-2.187340
6.134211
-6.654123
-10.684167
6.185166
-5.999090
-5.665113
-15.595645
13.174506
-27.313921
-5.090164
1.896641
-25.861400
9.532752
-33.843752
4.900589
-7.685982
0.661728
11.334481
-8.273361
17.119133
-27.125877
30.357177
-38.133756
9.179106
-29.036582
1.772855
-14.702479
-10.605780
-17.434846
-7.929187
11.744247
-0.438475
-6.202014
12.774910
28.190083
-30.558397
-0.076678
-19.328373
5.225924
-13.661782
-7.958269
-0.451871
-33.953983
11.780865
-26.531998
27.380152
87.393820
-40.259260
-9.153062
18.256464
-65.699099
79.905787
128.701321
-49.459959
9.840354
3.700221
-20.104485
34.849356
-47.892370
79.677405
-50.214708
8.629314
-22.935868
-10.058619
-2.264711
-32.964401
11.419166
-32.880546
22.439790
-21.328923
0.455893
-1.437119
-5.328349
2.427448
-17.694519
23.429554
-57.185744
6.713158
-8.736729
-19.884751
-8.110661
-18.717014
18.280580
-70.690646
12.621580
-8.611332
12.481881
-12.048771
10.562303
-8.760295
-7.539379
4.783531
-26.022013
-23.225278
10.168790
-39.552456
-29.189159
1.907691
-0.631805
-10.631543
2.717379
-0.623237
-5.834203
9.593746
28.514774
-40.176334
-26.103384
11.423392
-101.327363
3.454161
-13.676134
16.934862
-36.056941
-48.055230
-9.602380
11.926978
17.936088
-5.195833
-16.338842
35.916622
-14.201487
-4.669093
15.581139
-21.517606
-0.097082
-20.725424
-1.292789
-20.858311
4.605962
-31.719290
-82.339270
23.528952
-10.756481
15.613901
-7.758101
18.266894
-14.991034
-29.157455
-58.338950
6.333883
-20.279747
19.559295
-33.895033
-15.158140
-11.752887
1.881308
-45.515544
11.814486
5.060355
-0.379100
-20.842132
17.114993
-21.010312
21.923756
-15.510095
-33.933305
-9.371665
11.330577
-53.651173
2.962088
-14.379486
-7.756536
5.780052
-22.579324
15.056468
-12.913806
-53.589535
25.763017
-27.571612
21.264042
-24.695305
-10.912356
-77.174946
12.933375
-69.875298
-19.752958
7.089588
61.866494
-38.208589
-73.780794
4.083660
2.380050
-18.007075
48.005212
11.174153
-19.648469
9.209111
-46.667666
-105.472374
36.420334
-54.449733
30.155131
