-7089.510614
-6936.222542
-6883.036936
-6851.349153
-6828.297270
-6810.132046
-6795.083636
-6782.210107
-6770.961247
-6760.986259
-6752.043707
-6743.957261
-6736.592531
-6729.843993
-6723.626998
-6717.872558
-6712.523724
-6707.532990
-6702.860360
-6698.471882
-6694.338522
-6690.435274
-6686.740473
-6683.235229
-6679.902988
-6676.729165
-6673.700850
-6670.806567
-6668.036073
-6665.380188
-6662.830662
-6660.380053
-6658.021628
-6655.749280
-6653.557457
-6651.441098
-6649.395579
-6647.416668
-6645.500485
-6643.643466
-6641.842328
-6640.094049
-6638.395836
-6636.745109
-6635.139478
-6633.576727
-6632.054799
-6630.571781
-6629.125893
-6627.715473
-6626.338973
-6624.994945
-6623.682034
-6622.398968
-6621.144558
-6619.917684
-6618.717294
-6617.542396
-6616.392058
-6615.265397
-6614.161579
-6613.079819
-6612.019368
-6610.979520
-6609.959603
-6608.958981
-6607.977045
-6474.150726
-6470.004340
-6468.999927
-6468.361145
-6440.552674
-6440.434426
-6430.448795
-6430.429868
-6426.132540
-6426.128233
