109.698671
108.921560
109.131931
109.620097
110.073815
110.517176
110.946047
111.360087
111.758938
112.142923
112.512685
112.869024
113.212775
113.544753
113.865726
114.176406
114.477447
114.769450
115.052968
115.328508
115.596537
115.857489
116.111760
116.359722
116.601715
116.838059
117.069048
117.294957
117.516040
117.732538
117.944672
118.152648
118.356662
118.556895
118.753517
118.946686
119.136553
119.323258
119.506933
119.687702
119.865682
120.040984
120.213712
120.383964
120.551834
120.717410
120.880776
121.042010
121.201189
121.358383
121.513660
121.667086
121.818721
121.968625
122.116853
122.263458
122.408492
122.552002
122.694035
122.834636
122.973846
123.111706
123.248255
123.383529
123.517565
123.650396
123.782054
450.319305
450.473527
450.531972
450.593065
676.557151
676.577161
862.537313
862.543893
1000.214878
1000.217737
