-6340.128898
-6202.596074
-6150.612097
-6115.424610
-6089.461566
-6068.496425
-6050.808048
-6035.449494
-6021.874615
-6009.728377
-5998.761044
-5988.785773
-5979.657095
-5971.258719
-5963.495970
-5956.290721
-5949.577785
-5943.302263
-5937.417524
-5931.883659
-5926.666273
-5921.735527
-5917.065382
-5912.632991
-5908.418202
-5904.403163
-5900.571986
-5896.910483
-5893.405932
-5890.046893
-5886.823044
-5883.725051
-5880.744446
-5877.873534
-5875.105305
-5872.433359
-5869.851843
-5867.355394
-5864.939090
-5862.598405
-5860.329173
-5858.127551
-5855.989987
-5853.913199
-5851.894142
-5849.929995
-5848.018134
-5846.156119
-5844.341673
-5842.572676
-5840.847144
-5839.163220
-5837.519166
-5835.913350
-5834.344239
-5832.810391
-5831.310446
-5829.843125
-5828.407216
-5827.001577
-5825.625126
-5824.276836
-5822.955735
-5821.660900
-5820.391452
-5819.146558
-5817.925422
-5704.402357
-5691.287439
-5688.810736
-5686.223174
-5638.771576
-5637.472424
-5619.584630
-5619.174072
-5610.714154
-5610.553927
