13.107820
12.842038
-10.757158
-196.087450
398.994000
-1297.937350
-181.954311
43.372500
-27.511804
47.974264
-108.241530
308.342447
51.909806
-29.663409
4.822253
-46.116017
61.986987
-174.812938
32.406357
15.219225
1.768471
0.222232
-27.544123
-0.383569
73.498773
-80.328636
-140.219334
280.672285
-711.056550
595.217300
-137.128707
743.151052
-474.262136
1222.246342
383.561593
-243.768804
-374.875405
68.166809
122.728729
-34.658703
-5.379408
54.739175
-123.906570
391.511415
-592.068107
7.661925
-12.160762
-0.518735
-28.572916
18.610070
-81.634308
683.639562
43.558638
-4.946989
-4.091374
-6.541654
9.076492
-13.615235
-6.101696
-365.229660
73.678823
-55.470100
-3.948300
-14.831806
-10.150168
-23.397534
5.772807
178.897893
-51.665259
13.721523
8.513913
0.999946
-16.518663
26.376026
-27.399562
-264.970829
-110.049191
2.727777
-55.753457
29.333583
-57.699464
-49.800338
110.725794
-53.096225
-22.919731
-288.832741
-426.922887
431.391138
494.836246
-59.264900
-27.522869
50.848795
-114.889283
776.940901
-81.118979
-8.826384
-4.477059
-28.035830
31.013993
-183.297605
51.303273
-9.854193
-0.127323
-1.182286
4.742047
-10.820801
17.524587
-215.875704
-11.715896
-9.560659
1.173262
-2.956613
-9.321361
5.987681
-11.808870
51.077120
-17.204752
-10.574313
-2.120386
-5.417363
-4.721027
1.929240
-16.133286
-37.182179
12.571400
4.609842
-5.617731
-8.180345
-8.800221
-2.899058
-0.309117
53.351726
-235.645103
-6.183019
-3.946719
-1.580634
-6.909952
-5.012232
2.962230
-216.314356
48.383818
-18.790668
9.274440
0.068531
4.504397
-14.816088
-516.852939
60.879155
-44.295486
-31.191251
32.551372
-138.567681
-966.885639
477.487477
16.642880
243.141191
-410.404745
8.056824
6.744388
-28.645332
44.334481
-433.511991
-594.518566
-9.025468
16.270844
-7.422158
9.973809
-14.599044
52.046427
-705.653205
-66.741512
19.210311
-9.503676
0.707713
-5.424264
2.164319
0.361909
2.420642
4.026576
-7.823723
2.923386
-6.069988
-2.249271
-1.994074
-2.565969
-9.388900
-8.957712
7.353274
-9.157726
0.856253
-0.721427
-7.390642
4.458269
-6.063704
-2.516427
-11.975142
4.389453
-0.567421
2.538602
-0.678848
-5.486415
-13.975119
61.152954
-5.126566
1.818588
-5.916277
-5.386621
1.264630
-3.427858
3.946825
-244.623556
-17.849076
-7.120984
-3.092401
1.925386
-12.302550
9.891214
-75.494100
173.421825
-16.822310
1.194539
-7.201566
-6.175567
11.685671
447.117921
-218.798259
-26.694658
-22.009536
153.715980
-33.325505
-8.633336
12.382952
-36.644924
-20.588401
28.053124
-45.603499
-7.169672
0.673943
-11.973813
17.737425
-82.267555
253.419551
8.936471
-11.314551
1.440608
-4.448373
-0.785111
-8.270684
3.188199
-37.054420
-13.213733
6.259217
-12.645356
-1.831711
-4.605279
-8.803678
3.757542
-2.073199
-0.274278
-5.977500
-3.777586
-4.231544
0.259290
-9.057127
-0.376188
-10.937320
-18.153908
4.829212
-6.635909
-3.182862
-9.633929
2.837062
-4.409895
13.511746
-62.976173
7.111193
-5.872085
-1.917293
-2.288093
-6.639568
9.384206
-47.891093
-385.455294
11.721830
3.825180
-1.244516
-4.945757
9.950289
-27.367257
-192.769552
-233.892643
20.048781
-18.014584
4.141428
-16.941280
-11.071049
-598.429720
251.694708
73.570037
-102.681276
-25.573843
2.463535
-35.359205
-93.292088
48.614366
3.479739
-12.286823
7.255194
-23.710408
65.920248
-120.397616
-10.893930
0.998385
-1.135771
-2.377486
7.554094
-17.864701
-41.387143
22.766319
-8.581126
13.125739
-5.736774
-2.191883
8.188378
-6.634315
-2.966759
-31.387121
4.414373
-6.626015
-4.534214
-9.245060
0.610436
-2.332766
-6.483558
23.262992
-0.398874
2.918689
-0.483005
7.125715
-7.203621
16.429725
-68.188784
-164.658726
10.627151
-9.967698
2.709558
-1.343933
-3.328100
-13.088718
-102.695946
-123.255097
30.157480
-27.373425
9.040817
-26.354598
3.905568
-180.271436
59.635905
-37.219819
-18.024170
3464.937927
-1195.890640
-1435.255743
2848.676149
-508.994477
-216.022301
23.888623
-84.739860
-16.004989
-430.841768
1663.492034
-177.796085
34.475272
-6.244980
17.414996
-16.460477
-58.262203
559.318048
-529.725842
32.689405
-27.985559
2.068734
-13.033975
-2.598249
-1.919103
-108.155375
247.707356
-36.264258
11.446627
-9.427101
1.524842
0.056213
-23.962897
74.031809
-570.220070
5.539892
-7.492219
6.414453
-6.393491
7.639520
-15.576927
-359.406156
-116.710300
-19.092778
-26.732205
-6.836844
-49.081240
-67.964953
-79.604133
72.310001
-65.848859
125.014523
-245.143766
-105.278967
-653.692961
-122.989478
31.985989
-29.328548
-8.326091
-76.328865
42.960002
16.273409
-15.172514
-4.925986
-3.044665
7.814300
-76.221043
-147.385392
25.649479
-9.990935
-2.638442
-26.416669
90.934131
102.937364
-115.789821
4.627336
-25.539730
-4.626570
-383.965093
125.694898
16.293567
-5.964930
144.827652
