62.302335
995.915512
1646.682200
2657.542952
3645.559583
4392.229314
4928.480445
5285.875365
5501.926319
5628.610735
5704.208598
5751.921740
5784.850945
5810.181461
5831.788845
5851.742138
5871.137635
5890.543374
5910.221791
5930.234086
5950.494912
5970.819363
5990.976711
6010.743154
6029.939154
6048.444609
6066.195548
6083.170999
6099.377697
6114.837027
6129.575753
6143.620413
6156.994594
6169.718166
6181.807694
6193.277428
6204.140458
6214.409794
6224.099223
6233.223899
6241.800680
6249.848230
6257.386947
6264.438772
6271.026911
6277.175528
6282.909422
6288.253722
6293.233604
6297.874046
6302.199614
6306.234293
6310.001348
6313.523220
6316.821450
6319.916629
6322.828367
6325.575282
6328.175002
6330.644174
6332.998489
6335.252703
6337.420666
6339.515354
6341.548894
6343.532593
6345.476959
6347.391724
6349.285848
6351.167538
6353.044239
6354.922636
6356.808638
6358.707364
6360.623126
6362.559398
6364.518800
6366.503071
6368.513055
6370.548687
6372.608992
6374.692104
6376.795284
6378.914976
6381.046866
6383.185965
6385.326715
6387.463103
6389.588795
6391.697268
6393.781959
6395.836398
6397.854344
6399.829904
6401.757639
6403.632645
6405.450620
6407.207908
6408.901517
6410.529127
6412.089072
6413.580313
6415.002394
6416.355400
6417.639896
6418.856872
6420.007684
6421.093998
6422.117733
6423.081008
6423.986098
6424.835388
6425.631339
6426.376447
6427.073222
6427.724161
6428.331725
6428.898327
6429.426315
6429.917963
6430.375464
6430.800921
6431.196349
6431.563667
6431.904700
6432.221180
6432.514743
6432.786938
6433.039220
6433.272962
6433.489453
6433.689901
