-61381.743672
-61381.743672
-58815.143600
-55534.651097
-55047.049056
-54993.222796
-54983.783326
-54980.592765
-54979.254436
-54978.699727
-54978.453774
-54978.328788
-54978.253023
-54978.198972
-54978.156058
-54978.120044
-54978.088983
-54978.061747
-54978.037569
-54978.015925
-54977.996502
-54977.979145
-54977.963772
-54977.950307
-54977.938630
-54977.928577
-54977.919953
-54977.912562
-54977.906218
-54977.900757
-54977.896043
-54977.891960
-54977.888416
-54977.885335
-54977.882655
-54977.880323
-54977.878297
-54977.876538
-54977.875016
-54977.873702
-54977.872570
-54977.871597
-54977.870765
-54977.870054
-54977.869448
-54977.868933
-54977.868496
-54977.868126
-54977.867812
-54977.867546
-54977.867320
-54977.867128
-54977.866964
-54977.866823
-54977.866700
-54977.866593
-54977.866497
-54977.866411
-54977.866333
-54977.866259
-54977.866189
-54977.866120
-54977.866053
-54977.865985
-54977.865915
-54977.865843
-54977.865768
-54977.865689
-54977.865606
-54977.865517
-54977.865423
-54977.865322
-54977.865215
-54977.865102
-54977.864981
-54977.864853
-54977.864718
-54977.864576
-54977.864428
-54977.864273
-54977.864112
-54977.863946
-54977.863775
-54977.863601
-54977.863425
-54977.863247
-54977.863070
-54977.862893
-54977.862719
-54977.862549
-54977.862383
-54977.862223
-54977.862069
-54977.861923
-54977.861786
-54977.861656
-54977.861536
-54977.861424
-54977.861321
-54977.861228
-54977.861142
-54977.861065
-54977.860996
-54977.860934
-54977.860879
-54977.860830
-54977.860786
-54977.860748
-54977.860715
-54977.860686
-54977.860661
-54977.860639
-54977.860619
-54977.860603
-54977.860589
-54977.860577
-54977.860566
-54977.860557
-54977.860549
-54977.860543
-54977.860537
-54977.860532
-54977.860528
-54977.860525
-54977.860522
-54977.860519
-54977.860517
-54977.860515
-54977.860514
-54977.860512
-54977.860511
-54977.860510
