-60817.413567
-60817.413567
-58179.464240
-54787.257920
-54238.597895
-54158.863845
-54140.445226
-54133.799864
-54130.547468
-54128.809593
-54127.821178
-54127.207598
-54126.790001
-54126.480688
-54126.235357
-54126.030880
-54125.854619
-54125.699249
-54125.560254
-54125.434731
-54125.320789
-54125.217203
-54125.123156
-54125.038049
-54124.961348
-54124.892504
-54124.830929
-54124.776006
-54124.727112
-54124.683640
-54124.645020
-54124.610729
-54124.580290
-54124.553278
-54124.529313
-54124.508054
-54124.489202
-54124.472487
-54124.457668
-54124.444533
-54124.432889
-54124.422566
-54124.413409
-54124.405284
-54124.398067
-54124.391650
-54124.385936
-54124.380839
-54124.376282
-54124.372197
-54124.368524
-54124.365209
-54124.362205
-54124.359469
-54124.356965
-54124.354660
-54124.352524
-54124.350532
-54124.348660
-54124.346888
-54124.345197
-54124.343572
-54124.341998
-54124.340462
-54124.338953
-54124.337460
-54124.335975
-54124.334488
-54124.332994
-54124.331485
-54124.329956
-54124.328403
-54124.326822
-54124.325209
-54124.323562
-54124.321879
-54124.320160
-54124.318405
-54124.316613
-54124.314787
-54124.312928
-54124.311039
-54124.309124
-54124.307188
-54124.305234
-54124.303268
-54124.301297
-54124.299326
-54124.297362
-54124.295412
-54124.293481
-54124.291577
-54124.289705
-54124.287872
-54124.286083
-54124.284343
-54124.282657
-54124.281027
-54124.279458
-54124.277951
-54124.276509
-54124.275131
-54124.273820
-54124.272575
-54124.271395
-54124.270279
-54124.269227
-54124.268236
-54124.267305
-54124.266431
-54124.265613
-54124.264847
-54124.264132
-54124.263464
-54124.262842
-54124.262263
-54124.261725
-54124.261224
-54124.260759
-54124.260328
-54124.259928
-54124.259558
-54124.259215
-54124.258897
-54124.258603
-54124.258332
-54124.258080
-54124.257848
-54124.257634
-54124.257436
-54124.257254
-54124.257085
