86.023783
86.009283
86.028548
86.078531
86.155644
86.256031
86.375826
86.511350
86.659255
86.816605
86.980905
87.150090
87.322492
87.496785
87.671937
87.847157
88.021849
88.195571
88.368001
88.538911
88.708146
88.875603
89.041221
89.204971
89.366845
89.526851
89.685011
89.841353
89.995912
90.148726
90.299837
90.449285
90.597113
90.743362
90.888075
91.031292
91.173051
91.313392
91.452350
91.589961
91.726260
91.861278
91.995049
92.127602
92.258966
92.389169
92.518238
92.646199
92.773077
92.898895
93.023677
93.147444
93.270217
93.392018
93.512865
93.632778
93.751775
93.869873
93.987090
94.103443
94.218946
94.333615
94.447466
94.560513
94.672769
94.784248
94.894963
95.004928
95.114153
95.222652
95.330436
95.437515
95.543902
95.649607
95.754640
95.859011
95.962730
96.065807
96.168251
96.270071
96.371277
96.471876
96.571877
96.671288
96.770119
96.868375
96.966066
97.063198
97.159779
97.255816
97.351317
97.446287
97.540734
97.634665
97.728085
97.821002
97.913421
98.005349
98.096790
98.187752
98.278240
98.368260
98.457817
98.546916
98.635563
98.723762
98.811520
98.898841
98.985730
99.072192
99.158231
99.243853
99.329061
99.413861
99.498257
99.582253
99.665853
99.749061
99.831883
99.914321
99.996380
100.078064
100.159376
100.240321
100.320901
100.401122
100.480986
100.560498
100.639660
100.718476
100.796949
100.875083
100.952881
101.030347
101.107483
101.184293
101.260780
101.336947
101.412796
101.488332
101.563556
101.638473
101.713083
101.787392
101.861400
101.935111
102.008528
102.081653
102.154489
102.227039
102.299304
102.371288
102.442993
102.514422
102.585576
102.656459
102.727072
102.797418
102.867499
102.937318
103.006876
103.076176
103.145220
103.214011
103.282549
103.350838
103.418880
103.486675
103.554228
103.621538
103.688610
103.755443
103.822041
103.888405
103.954537
104.020438
104.086112
104.151558
104.216780
104.281779
104.346557
104.411115
104.475456
104.539580
104.603489
104.667186
104.730671
104.793946
104.857014
104.919874
104.982530
105.044982
105.107232
105.169282
105.231132
105.292785
105.354242
105.415504
105.476573
105.537450
105.598136
105.658633
105.718942
105.779065
105.839002
105.898756
105.958327
106.017716
106.076926
106.135956
106.194810
106.253486
106.311988
254.430324
254.486180
254.533639
254.574846
254.611318
254.644150
254.674147
358.152796
358.160756
456.145330
456.147527
543.404021
543.404742
