0.599498
6.151786
0.617501
0.932560
22.618936
-8.112526
-27.339951
-1.694248
-29.393109
33.466816
-18.191180
16.819271
-10.194411
14.708215
40.289321
-4.193062
15.678770
-22.098505
72.965184
-62.679286
-10.712482
-28.177839
-11.211036
5.471711
-69.096289
23.965648
3.127698
-3.861795
9.548906
-38.325364
61.286864
-45.207291
-19.571193
-8.318320
-37.519028
23.067873
-65.852242
24.682119
19.550939
-9.160432
16.161765
-14.500863
-64.287303
-137.177383
100.433611
-138.565230
12.498903
-67.051819
14.895070
-67.842454
-19.720720
-3.438233
-29.486510
-46.522818
30.715836
4.882434
-1.260987
8.658625
-25.991579
-3.809720
7.503307
-20.413858
-11.283407
-8.549230
-6.258921
-2.396936
-5.926053
-4.458320
-41.801069
22.369918
-11.395799
-3.241780
5.577985
-27.403860
14.565852
-33.041045
9.535822
-13.041151
-25.955722
-23.231996
-4.257194
-8.100096
-11.241287
11.063707
7.989586
0.983203
-5.182942
-3.440588
3.515332
-27.585521
3.836475
-20.039489
-3.197164
43.809219
-65.845637
35.215116
-47.661011
15.054074
-5.406441
23.397886
-26.043069
15.090284
-13.527640
11.061356
6.013982
10.074835
-12.827272
18.378649
-72.683201
-23.224968
11.517077
-19.081770
-10.059434
-6.290643
-9.919035
14.001644
-39.348707
-7.137245
-14.163441
11.203828
-3.386595
-6.225611
2.604356
-10.110849
-4.041756
-13.987612
23.242253
-32.955851
-0.764611
-5.005039
-16.869999
10.741130
-31.905140
25.763709
-20.410104
8.514812
2.276525
6.333529
0.236188
-11.574111
14.717307
-27.428522
0.056693
-15.000500
-10.720678
0.228937
-15.671146
-13.733159
3.963315
-6.660963
0.219662
-6.217080
-5.975519
-8.637780
8.569087
-23.853823
15.483314
6.055235
-14.409472
3.591594
-19.115893
-132.357757
41.224040
-44.806562
15.003141
-118.533165
30.011769
-35.746450
17.358956
-34.436889
57.948652
-36.707332
-5.101617
-6.462330
8.070787
-8.916375
8.759022
-33.999584
44.430507
3.984446
-0.546008
-11.307720
-15.289964
-6.538520
-19.494844
14.366213
-34.779973
0.840617
-21.948833
1.428237
-0.991819
1.697755
-7.559679
-13.731623
24.568622
-83.990836
15.010150
-11.028649
-11.507811
-16.582141
-1.528268
5.155094
-40.430465
7.841222
-2.828009
3.622967
-5.101844
0.783269
-2.581471
-16.094505
6.261198
-16.600733
-8.810897
6.970533
-23.924228
-17.125996
-18.760715
20.623144
-49.837934
-16.629469
9.238844
-27.570264
54.640241
-26.185507
-7.301436
-34.049372
-13.603328
-72.699363
5.464480
-10.443614
9.046116
-11.280823
-66.075706
-32.509337
5.335808
12.392880
0.024242
-11.700018
25.427481
-5.517488
-35.757653
10.393699
-8.079340
-2.177596
-19.267842
-9.443406
-7.535204
-6.124621
-9.676232
-42.843457
10.597949
-8.304909
9.010849
1.304054
2.724967
11.735315
-109.679383
-33.533018
-1.609218
-8.719019
14.968833
-33.717719
-11.936938
-13.589460
-1.871991
-51.965886
22.550940
16.595005
-27.674255
-9.910793
3.563144
-10.637589
3.202899
-8.420391
-22.193130
-9.247484
4.273124
-31.311675
-25.919831
-8.966495
-10.153557
1.874957
-13.879198
6.026393
0.491846
-47.232847
24.200171
-13.248833
12.581734
-9.793247
-51.098850
-45.185750
-13.465744
-59.305460
1.169427
6.944403
68.989635
-15.600038
-81.327729
-5.461555
-3.869093
11.403934
12.129333
9.446736
-7.924056
-25.006444
-18.097168
-125.450090
20.817658
-27.454021
-33.427088
