-13617.706283
-13526.021368
-13448.904414
-13384.163878
-13329.687310
-13283.548509
-13244.079215
-13209.897567
-13179.899431
-13153.225694
-13129.219037
-13107.380292
-13087.330087
-13068.777911
-13051.498551
-13035.314756
-13020.084772
-13005.693445
-12992.045874
-12979.062854
-12966.677543
-12954.832998
-12943.480312
-12932.577182
-12922.086787
-12911.976890
-12902.219128
-12892.788418
-12883.662477
-12874.821425
-12866.247447
-12857.924516
-12849.838154
-12841.975238
-12834.323822
-12826.873002
-12819.612782
-12812.533978
-12805.628120
-12798.887377
-12792.304486
-12785.872695
-12779.585712
-12773.437659
-12767.423031
-12761.536665
-12755.773708
-12750.129591
-12744.600003
-12739.180871
-12733.868341
-12728.658765
-12723.548677
-12718.534789
-12713.613973
-12708.783249
-12704.039781
-12699.380862
-12694.803908
-12690.306449
-12685.886126
-12681.540677
-12677.267940
-12673.065841
-12668.932390
-12664.865681
-12660.863881
-12656.925229
-12653.048034
-12649.230670
-12645.471570
-12641.769227
-12638.122191
-12634.529062
-12630.988492
-12627.499181
-12624.059875
-12620.669362
-12617.326473
-12614.030080
-12610.779091
-12607.572450
-12604.409139
-12601.288170
-12598.208588
-12595.169469
-12592.169919
-12589.209070
-12586.286083
-12583.400143
-12580.550461
-12577.736273
-12574.956835
-12572.211427
-12569.499350
-12566.819926
-12564.172494
-12561.556415
-12558.971067
-12556.415844
-12553.890160
-12551.393442
-12548.925134
-12546.484696
-12544.071602
-12541.685339
-12539.325409
-12536.991326
-12534.682618
-12532.398823
-12530.139494
-12527.904192
-12525.692491
-12523.503977
-12521.338243
-12519.194894
-12517.073545
-12514.973818
-12512.895348
-12510.837776
-12508.800751
-12506.783933
-12504.786987
-12502.809587
-12500.851415
-12498.912161
-12496.991519
-12495.089194
-12493.204893
-12491.338334
-12489.489239
-12487.657335
-12485.842357
-12484.044046
-12482.262146
-12480.496409
-12478.746592
-12477.012454
-12475.293764
-12473.590293
-12471.901816
-12470.228114
-12468.568973
-12466.924181
-12465.293534
-12463.676827
-12462.073865
-12460.484452
-12458.908397
-12457.345516
-12455.795624
-12454.258542
-12452.734095
-12451.222109
-12449.722416
-12448.234849
-12446.759246
-12445.295446
-12443.843292
-12442.402631
-12440.973311
-12439.555184
-12438.148104
-12436.751929
-12435.366517
-12433.991730
-12432.627434
-12431.273495
-12429.929781
-12428.596166
-12427.272522
-12425.958726
-12424.654655
-12423.360190
-12422.075213
-12420.799609
-12419.533263
-12418.276064
-12417.027902
-12415.788669
-12414.558259
-12413.336566
-12412.123488
-12410.918924
-12409.722775
-12408.534943
-12407.355330
-12406.183844
-12405.020390
-12403.864876
-12402.717213
-12401.577312
-12400.445085
-12399.320446
-12398.203311
-12397.093596
-12395.991219
-12394.896099
-12393.808157
-12392.727314
-12391.653494
-12390.586619
-12389.526616
-12388.473411
-12387.426930
-12386.387103
-12385.353860
-12384.327130
-12383.306845
-12382.292938
-12381.285342
-12380.283993
-12379.288825
-12047.106359
-12042.116322
-12039.069459
-12037.084374
-12035.704110
-12034.682398
-12033.882036
-11964.241873
-11964.137975
-11942.900317
-11942.888943
-11935.944577
-11935.943473
