-13232.828644
-13142.238881
-13065.934648
-13001.721639
-12947.498814
-12901.362107
-12861.672417
-12827.080544
-12796.515534
-12769.149761
-12744.354289
-12721.654530
-12700.691714
-12681.192153
-12662.944060
-12645.780699
-12629.568399
-12614.198117
-12599.579491
-12585.636613
-12572.304979
-12559.529244
-12547.261539
-12535.460175
-12524.088627
-12513.114727
-12502.510003
-12492.249147
-12482.309564
-12472.671003
-12463.315241
-12454.225820
-12445.387823
-12436.787679
-12428.413003
-12420.252454
-12412.295614
-12404.532885
-12396.955398
-12389.554934
-12382.323861
-12375.255069
-12368.341921
-12361.578211
-12354.958117
-12348.476174
-12342.127237
-12335.906458
-12329.809258
-12323.831308
-12317.968508
-12312.216973
-12306.573011
-12301.033115
-12295.593948
-12290.252330
-12285.005231
-12279.849758
-12274.783147
-12269.802759
-12264.906066
-12260.090648
-12255.354189
-12250.694466
-12246.109348
-12241.596788
-12237.154823
-12232.781562
-12228.475190
-12224.233960
-12220.056191
-12215.940264
-12211.884618
-12207.887751
-12203.948212
-12200.064603
-12196.235574
-12192.459822
-12188.736089
-12185.063158
-12181.439855
-12177.865041
-12174.337619
-12170.856524
-12167.420727
-12164.029231
-12160.681070
-12157.375309
-12154.111042
-12150.887388
-12147.703496
-12144.558540
-12141.451716
-12138.382246
-12135.349373
-12132.352365
-12129.390506
-12126.463105
-12123.569488
-12120.709000
-12117.881004
-12115.084881
-12112.320029
-12109.585861
-12106.881807
-12104.207310
-12101.561831
-12098.944841
-12096.355829
-12093.794293
-12091.259745
-12088.751712
-12086.269729
-12083.813344
-12081.382117
-12078.975617
-12076.593426
-12074.235132
-12071.900338
-12069.588651
-12067.299691
-12065.033086
-12062.788472
-12060.565493
-12058.363803
-12056.183062
-12054.022937
-12051.883106
-12049.763250
-12047.663059
-12045.582231
-12043.520467
-12041.477478
-12039.452979
-12037.446693
-12035.458347
-12033.487673
-12031.534412
-12029.598308
-12027.679110
-12025.776573
-12023.890457
-12022.020526
-12020.166549
-12018.328301
-12016.505561
-12014.698109
-12012.905735
-12011.128229
-12009.365385
-12007.617005
-12005.882889
-12004.162845
-12002.456684
-12000.764220
-11999.085269
-11997.419653
-11995.767196
-11994.127726
-11992.501072
-11990.887069
-11989.285553
-11987.696365
-11986.119345
-11984.554340
-11983.001197
-11981.459768
-11979.929906
-11978.411466
-11976.904307
-11975.408290
-11973.923278
-11972.449137
-11970.985734
-11969.532939
-11968.090626
-11966.658668
-11965.236941
-11963.825325
-11962.423701
-11961.031949
-11959.649956
-11958.277608
-11956.914792
-11955.561399
-11954.217321
-11952.882450
-11951.556683
-11950.239916
-11948.932048
-11947.632979
-11946.342610
-11945.060845
-11943.787589
-11942.522748
-11941.266228
-11940.017941
-11938.777795
-11937.545703
-11936.321578
-11935.105334
-11933.896887
-11932.696154
-11931.503054
-11930.317505
-11929.139429
-11927.968747
-11926.805383
-11925.649259
-11924.500302
-11923.358438
-11922.223594
-11921.095699
-11572.136072
-11565.116386
-11560.475756
-11557.214424
-11554.793731
-11552.909455
-11551.382448
-11455.353294
-11454.984789
-11420.763805
-11420.675887
-11406.997703
-11406.974878
