-8.383897789573424234e+03
-8.381640677241732192e+03
-8.380851978620126829e+03
-8.380199530826559567e+03
-8.379798655467169738e+03
-8.379527271332610326e+03
-8.379327356584281006e+03
-8.379166585553304685e+03
-8.379026838518944714e+03
-8.378898617822931556e+03
-8.378777654911002173e+03
-8.378662317542022720e+03
-8.378551935668314400e+03
-8.378446280574953562e+03
-8.378345664678150570e+03
-8.378250977616618911e+03
-8.378163426564782640e+03
-8.378084109091392747e+03
-8.378013642335406985e+03
-8.377952001154637401e+03
-8.377898582249426909e+03
-8.377852405723981065e+03
-8.377812341339631530e+03
-8.377777284863315799e+03
-8.377746261417496498e+03
-8.377718466300600994e+03
-8.377693265148665887e+03
-8.377670173277520007e+03
-8.377648827552460716e+03
-8.377628958032666560e+03
-8.377610362519491900e+03
-8.377592884859630431e+03
-8.377576396893924539e+03
-8.377560783719156461e+03
-8.377545932106690088e+03
-8.377531722222822282e+03
-8.377518023135839030e+03
-8.377504692869213613e+03
-8.377491583924514998e+03
-8.377478555078698264e+03
-8.377465489510392217e+03
-8.377452317497622062e+03
-8.377439038998963952e+03
-8.377425738393958454e+03
-8.377412582925735478e+03
-8.377399800427898299e+03
-8.377387640289889532e+03
-8.377376329656228336e+03
-8.377366038821241091e+03
-8.377356864388617396e+03
-8.377348830346307295e+03
-8.377341901225549009e+03
-8.377336000108440203e+03
-8.377331026041698351e+03
-8.377326868077803738e+03
-8.377323415234059212e+03
-8.377320562793729550e+03
-8.377318215774865166e+03
-8.377316290412180024e+03
-8.377314714348009147e+03
-8.377313426050328417e+03
-8.377312373821188885e+03
-8.377311514629236626e+03
-8.377310812919982709e+03
-8.377310239483467740e+03
-8.377309770428924821e+03
-8.377309386282269770e+03
-8.377309071210705952e+03
-8.377308812364590267e+03
-8.377308599328291166e+03
-8.377308423665119335e+03
-8.377308278542654080e+03
-8.377308158426971204e+03
-8.377308058832604729e+03
