-194.192870
-9.412469
63.553956
-55.678077
194.465564
-425.633658
27.133681
48.999361
-27.460052
25.166173
-39.713410
72.260713
57.993065
-69.272196
-3.369087
-12.190217
-26.009738
34.256729
6.017582
80.122382
-13.083307
-7.115292
38.634845
-30.497639
633.428231
-511.253443
164.722401
73.919162
-80.697302
-70.274968
1193.230471
50.096824
-1527.589913
1260.634688
549.572419
214.165554
-327.866682
1004.984868
145.629924
93.028181
-51.992779
93.496392
-170.192622
326.004745
-145.272132
68.951257
-102.552125
15.123236
-74.434158
43.203361
-64.448578
227.071313
365.906554
-82.131590
46.800973
-5.136606
22.089283
-14.967002
-25.476069
110.676217
-64.262611
51.493092
-60.813871
-11.472407
-53.280775
6.845699
11.493319
-80.771937
403.769880
-152.758829
76.399217
-14.634416
47.547560
-39.388758
22.484614
29.150204
64.376822
-132.840166
-60.199131
71.087733
-76.703228
-2.318715
-428.445327
158.009595
-166.039462
56.607390
170.272636
130.284780
515.251512
339.927839
-120.652879
23.207408
-83.655144
469.913779
95.124470
-194.418396
-3.112886
-28.651171
-16.313882
-25.223575
122.094040
-73.561509
61.420634
4.904793
10.436527
3.927911
-34.864980
14.582312
-52.901793
12.820795
-29.317401
-22.838289
-12.193720
-9.738912
7.525712
-27.216698
2.316520
-47.647934
33.439051
-17.421578
11.278096
-5.448415
-30.037728
25.728220
-87.915003
26.360628
-27.905987
-10.663630
-49.869578
18.929547
-24.578939
-2.129081
-184.616705
41.093227
3.007452
-4.365534
6.412255
-12.113111
-17.632586
132.658538
-124.525581
17.041241
-15.578110
-3.329905
-19.264601
71.940578
219.498617
60.722111
-53.736499
12.594549
11.426569
-110.857899
-76.219822
12.565174
82.869569
-244.326960
-126.106226
-102.470060
3.629046
-1.476992
25.315895
-92.122193
-273.103878
70.164159
15.863660
17.828393
-4.848371
-7.627252
-11.709320
-643.057010
-27.130339
6.508141
-22.691788
-13.422059
-13.781695
1.063327
6.317695
69.359504
10.509864
-19.377880
10.452575
2.265450
-6.096811
-0.004734
-12.554171
-34.618265
-19.056668
26.125561
-36.527620
0.775813
-12.902093
-9.330423
7.713154
-8.365986
69.167706
-29.094810
12.936010
-5.138403
17.550051
-14.001527
0.557201
-28.771614
1.955239
-28.719227
-4.974997
-7.417195
-20.909380
11.224839
-20.294147
58.266702
544.701337
-6.350808
8.858490
-15.503307
-7.863142
1.285154
-47.314710
79.813953
17.934765
-65.906599
25.720804
-24.228027
-6.120004
78.423778
58.428187
-16.343058
-35.231215
111.016641
521.527156
-47.490807
24.989999
-42.701524
-44.884020
-37.282248
1000.156009
-313.619058
47.362529
-57.340760
13.870262
2.728063
-1.742447
384.294530
-53.859630
8.608581
-7.811883
9.811729
2.098193
-21.823236
-12.785574
-78.783959
-8.260703
-2.571107
-7.953965
-21.912174
-12.839893
-7.109876
7.171958
12.505836
10.423774
-21.269482
0.335602
-1.189800
7.675661
-19.024556
-7.775687
-3.392468
-190.755609
21.311905
-14.486383
-6.735572
-26.207949
11.671088
-8.982135
5.091322
143.825171
-0.099490
1.656093
-3.715512
-0.150266
-9.552194
1.026327
-21.956244
-976.643689
17.301926
-11.694179
-6.074354
-0.682663
1.045583
6.540887
-383.215194
-180.365675
100.717328
-55.001420
31.424742
-38.926280
-30.994786
-115.942317
17.405495
26.678074
-151.683904
20.000304
-1.616588
100.673285
169.179772
494.857460
-79.084560
52.940072
-76.740089
-49.447680
138.960423
96.825080
-79.561634
-2.689995
-16.093058
7.658129
10.972323
-94.356155
309.798022
-18.392034
-0.805833
12.689361
6.667204
-12.022871
16.584461
2.106423
-158.863298
8.745059
-6.441902
-4.098262
-22.111338
-15.814722
1.871111
-13.752500
46.972793
80.747830
-4.335238
-2.979647
3.502893
5.327363
-5.820856
19.801251
-142.794599
-83.109252
-4.282504
-21.870984
-1.153244
16.497025
-49.708941
31.079014
-149.462529
-74.025160
49.789459
-24.146443
-62.233149
50.738844
-59.882343
-429.666845
130.627904
-57.946285
-164.536370
769.242188
-90.199168
-268.191202
1386.724657
-514.898005
-227.752231
-55.475363
93.765672
-78.009593
811.259302
688.827510
-32.484474
44.994464
8.647084
-27.455730
4.998354
-136.786240
578.651750
-199.573884
16.286262
-36.123234
-20.170837
9.043927
-26.701284
-4.863923
178.023858
32.634411
-1.569474
-11.591553
4.792295
-22.006142
11.928953
-48.318943
46.332211
-213.070010
-21.635586
3.879888
-3.403884
13.840643
-16.218549
-12.440714
119.809810
-57.762448
28.148543
-41.173686
-71.885228
54.349838
-264.584020
-199.065912
107.980241
14.852944
132.345548
-282.009852
684.918498
-246.740011
-213.630413
-80.799399
36.325932
-30.114161
74.975329
265.668040
55.505210
30.088524
-19.139153
7.217194
-49.217665
172.039028
-20.054509
-11.942514
-1.066211
-10.066931
23.826742
-72.171565
122.953407
-9.779826
-46.078527
-0.359201
-198.846915
624.789010
-395.960041
183.174766
-6.906007
315.428396
