-7.189412416473005578e+03
-7.180895453964126318e+03
-7.177050308749801843e+03
-7.174544369948153872e+03
-7.172733648932065989e+03
-7.171379999246873922e+03
-7.170334338141286935e+03
-7.169496776110332576e+03
-7.168798996866703419e+03
-7.168193936279797526e+03
-7.167649568002289016e+03
-7.167144961202875493e+03
-7.166667280902011044e+03
-7.166209313719939928e+03
-7.165767715871248583e+03
-7.165341912886933642e+03
-7.164933253051651263e+03
-7.164544143644290671e+03
-7.164177178972977345e+03
-7.163834420541941654e+03
-7.163516971576707874e+03
-7.163224874278497737e+03
-7.162957249467273869e+03
-7.162712555441424229e+03
-7.162488862083357162e+03
-7.162284080681122759e+03
-7.162096129297868174e+03
-7.161923036932628747e+03
-7.161762999210064663e+03
-7.161614399668082115e+03
-7.161475808593798320e+03
-7.161345968445823019e+03
-7.161223772303533224e+03
-7.161108239809095721e+03
-7.160998493703824352e+03
-7.160893739233129963e+03
-7.160793248326491266e+03
-7.160696350427928337e+03
-7.160602431936747962e+03
-7.160510946028257422e+03
-7.160421433630821411e+03
-7.160333554013293906e+03
-7.160247119693410241e+03
-7.160162126103953597e+03
-7.160078763847828668e+03
-7.159997403158882662e+03
-7.159918547539770771e+03
-7.159842764117519437e+03
-7.159770606704498277e+03
-7.159702549199998430e+03
-7.159638941445937235e+03
-7.159579990862422164e+03
-7.159525765862927074e+03
-7.159476213577810995e+03
-7.159431184429530731e+03
-7.159390457957582839e+03
-7.159353766504589657e+03
-7.159320815168106492e+03
-7.159291297602104351e+03
-7.159264907902599589e+03
-7.159241349110762712e+03
-7.159220338951206941e+03
-7.159201613400670794e+03
-7.159184928610440693e+03
-7.159170061618625368e+03
-7.159156810202557608e+03
-7.159144992145665128e+03
-7.159134444128085306e+03
-7.159125020396728360e+03
-7.159116591329174298e+03
-7.159109041971545594e+03
-7.159102270605912054e+03
-7.159096187383542201e+03
-7.159090713045620760e+03
