-1.578241094750997888e+02
6.060055574517067356e+01
-1.532296683054571531e+02
6.577654422781286314e+01
6.851791145241914194e+01
-6.074709598565816577e+02
3.790635741510494228e+01
-5.507266094982577798e+00
1.314201576906463345e+02
-5.523924825705485375e+01
6.836770115503928480e+01
8.562157382189012367e+01
3.004190150209691623e+01
1.228991066333581905e+01
-2.347379255173430579e+02
1.032714892291456579e+02
-1.979103133586936849e+02
1.099031771066029251e+02
-1.121948488871422427e+02
9.007927207802421776e+01
1.281868935190642276e+02
-9.431748512281480146e+01
1.710835115219768738e+02
1.014998126206012046e+02
9.837390418968359427e+02
-8.446195116343080826e+02
1.013868882812049463e+02
3.382507833997331659e+02
-4.556582117265732563e+02
-6.226976653358705960e+01
1.959920476248024215e+03
7.379899251735077996e+02
-4.685273255543350388e+03
4.159194927376930536e+03
1.736415126494279662e+02
3.061004094794283219e+02
-3.696397866221537925e+02
1.157275326247170142e+03
7.882681247566614502e+01
1.316582238478352451e+02
-2.713607144681765604e+01
8.919262643667889279e+01
-1.924872310532183235e+02
4.030019758008614872e+02
-2.345500703417906720e+02
9.771210198632894617e+01
-1.166684990884729132e+02
-3.513356489870170574e+00
-7.432809548860946336e+01
4.430858981584734124e+01
-8.627421410252132716e+01
8.720979862545253525e+01
3.866948146065128640e+02
-8.846120555417998332e+01
4.402387163018288163e+01
2.557244264247605869e+01
1.741276717289429499e+01
-5.123572451595891586e+00
-1.586285176497120020e+01
2.021182156492558590e+02
-8.686138681979956289e+01
7.431094213539677185e+01
-7.300121748110767328e+01
-1.899792305470032616e+01
-7.572040935197996703e+01
3.011511915454963528e+01
-8.377748652362637927e+01
-1.483085370279670485e+02
4.884188232394439524e+02
-2.052261256513508840e+02
1.085463263317282809e+02
-1.558136373385102047e+01
7.085602083349877489e+01
-5.659979246120077079e+01
1.522642167981270802e+02
1.091104323565564869e+02
1.468977102081663304e+02
-2.625743417849683965e+02
-4.089926063447320104e+01
2.878826434041182125e+01
9.319689147066084089e+00
-9.669444922987058817e+02
-4.226700757301055660e+02
1.688009433910410735e+02
-1.322701598830361434e+02
5.394225331937105494e+01
1.894871289489144317e+02
1.837573718329762684e+01
-7.272018172635608835e+02
6.917126752530714384e+02
-2.963817670149836090e+02
9.470326334143291547e+01
-1.796835010688069474e+02
6.764454316787521293e+02
1.225632407824418522e+02
-2.210961922183623471e+02
-6.637391365851893710e+00
-2.803699547343056153e+01
-1.356446184597742111e+01
-2.743980170321797374e+01
1.318167173122728286e+02
-8.401304879295535954e+01
6.707164200791464737e+01
1.160663269600777880e+01
9.094114815688648434e+00
5.184560975289040918e+00
-3.660341249262909713e+01
9.788877557228909509e+00
-4.976291305873430559e+01
1.364827072683292108e+01
-2.744134803541409795e+01
-3.451291765702824677e+01
-8.753204637233235275e+00
-1.513720108163687605e+01
1.377260037346384713e+01
-3.219253675606340437e+01
-1.014215541527820186e+01
-4.658473627230371505e+01
3.194127869508857387e+01
-1.305627057115690093e+01
1.367716687398654329e+01
-6.105223679929640213e+00
-2.859440727905215596e+01
3.750727371896603302e+01
-8.917944066025964389e+01
2.930672562169100104e+01
-2.834870993865111188e+01
-1.299119355814499954e+01
-5.202386909150962424e+01
1.862916776207342551e+01
-2.153596503353347202e+01
-1.933978369772107087e+01
-2.377551684407206949e+02
4.907075981197509407e+01
2.791609068585890530e+00
7.905406192468449333e-01
5.508976019818250691e+00
-7.524146749660899580e+00
-7.764957941019758003e+00
2.111979673002149411e+02
-1.446643397595479996e+02
2.702428475295857169e+01
-2.569244071472700242e+01
2.355888750301828871e-01
-3.082926476684590966e+01
1.106899477735726407e+02
1.994219131783631553e+02
6.702913762763795091e+01
-5.507399306745063683e+01
2.557713213319062717e+01
1.754375887240543364e+01
-1.005292363021550699e+02
2.393743549266882837e+02
-8.660305155828199020e+01
1.663967638128497981e+02
-5.674494135275961071e+02
2.985298706091123790e+02
-2.192845822665308333e+02
4.149807361261406413e+01
-1.868588244142413757e+01
5.033665451741210717e+01
-1.437998154149640584e+02
-3.086177426717739536e+02
8.047376216421395156e+01
2.032060869094691213e+01
2.319475860965827607e+01
-5.494888998842221817e+00
-7.670056830753379629e+00
-1.426260465648860709e+01
-8.788693741461258924e+02
-2.553733810998131659e+01
7.940821443712677841e+00
-2.353029155577032583e+01
-1.715399164340941240e+01
-1.348137796119586973e+01
1.083573219213880057e+00
6.307767026250030717e+00
9.762496229665055125e+01
8.277009432803941635e+00
-1.884183619864481685e+01
9.296970880008826654e+00
6.864266437280491573e+00
-7.414910768576188360e+00
2.004626712006535971e+00
-1.446548206610670917e+01
-4.539543096837739711e+01
-1.500241711010813539e+01
2.538827270172656725e+01
-3.570314311715623745e+01
-7.549313719042237691e-01
-1.384413805024426836e+01
-9.536943793094614819e+00
8.201628632487519610e+00
-8.569122525110117294e+00
7.502115476602229194e+01
-2.996004048661195895e+01
1.285170879719291293e+01
-4.369314735642866765e+00
1.821995818577340387e+01
-1.412537334988601856e+01
-2.353975039018200988e-01
-2.894112496271432633e+01
8.101222151623538537e+00
-3.119445264275541518e+01
-4.617367491145527580e+00
-9.039631578566533321e+00
-2.092713033472093187e+01
9.834110353402104820e+00
-2.028789753982244548e+01
3.855469761022798991e+01
5.685686262469072290e+02
4.362298016030500825e-01
5.710857812601910943e+00
-1.264398040879146379e+01
-8.197027968634065687e+00
4.483467412199017232e+00
-6.017082784867913858e+01
-9.849570519964519377e+00
2.946666811417922816e+01
-7.372133919166807914e+01
3.022214300213340366e+01
-3.266766771774557299e+01
-7.619533746788685669e+00
5.965690190246107960e+01
-7.304725140818625562e+01
2.311953637254764971e+01
-6.742993293427757351e+01
2.279678038625024499e+02
4.602559694200775198e+02
1.050640463994811746e+01
4.170609587690147890e+00
-3.376687479337601872e+01
-6.027685315664508892e+01
-1.522992521672455801e+01
1.048482094672510584e+03
-3.948523076557805211e+02
5.379014982560561720e+01
-6.515512576445016180e+01
1.529926792667993318e+01
1.419267038361248678e+00
7.038648629507865628e+00
4.202328376459572041e+02
-4.899822056650843649e+01
1.274134314210916052e+01
-8.098802033777358744e+00
1.282550366231727601e+01
2.444670965137091923e+00
-2.359698939227019210e+01
-1.011069926576946010e+01
-1.025851984910717505e+02
-8.720661544363657924e+00
-4.552855384371650160e+00
-6.842353750882051777e+00
-2.499927583691169630e+01
-1.197002446230608896e+01
-7.953988646847690802e+00
7.216032234912572285e+00
2.616159079059131187e+01
1.019989879628163365e+01
-1.985885415916954599e+01
-1.636223528617642142e-01
-6.321161897175456845e-01
9.075212295543293450e+00
-1.916799814782438816e+01
-7.420507636839630550e+00
-5.907436344292980479e+00
-2.162534753501812759e+02
2.205575856796949807e+01
-1.475396834069869456e+01
-6.760180930457518222e+00
-2.688913936762721946e+01
1.232335987728772153e+01
-9.826627335131750129e+00
8.828566211925100049e+00
1.690392215032524916e+02
1.541227920355550562e+00
1.606370601603383408e+00
-3.101046927632213457e+00
2.024563003714627829e-01
-8.976788502344415832e+00
1.440698401837627429e+00
-1.469943798020410634e-02
-1.095824035964320046e+03
1.332462244077860092e+01
-1.034294296746678832e+01
-6.833171465551032497e+00
-1.342684403971657670e+00
-9.156580543478874956e-01
1.419375882535789657e+01
-3.516332399333641661e+02
-1.880679411969124999e+02
1.146443474561980338e+02
-6.310021671256524911e+01
4.167076555843809160e+01
-3.130636126391492624e+01
9.540370908366311298e+00
8.940994354389727050e+01
-4.415768335432638025e+01
8.037902995547169382e+01
-3.327379993117282311e+02
-8.098355077323320472e+01
3.635987580462136037e+01
8.298394889629007309e+01
1.808106108990947121e+02
6.092518828714529491e+02
-7.689320412957627582e+01
5.683175657898566158e+01
-7.255408019891665106e+01
-4.411905520702290318e+01
1.040936777655386152e+02
6.800682921814049564e+01
-7.954657217123505575e+01
-5.474173591611442902e+00
-1.744555326663454764e+01
4.084156703968673696e+00
1.470908123472016094e+01
-9.469353746363601942e+01
3.562157944888892871e+02
-8.082112942695955482e+00
-1.197377583024167080e+00
1.357610694191308909e+01
7.880828846673077592e+00
-1.023504746241723140e+01
1.491018063223559764e+01
5.700820204410416814e+00
-2.124644672393397400e+02
2.325014462099676660e+00
-5.562178798260187129e+00
-5.526037019292158625e+00
-2.095678945583989616e+01
-2.122127554280493200e+01
4.285395724403710638e+00
-1.639373509040834875e+01
6.407179977589510145e+01
1.015086369313813890e+02
-5.309269835661284631e+00
-1.817675045525813937e+00
2.857305715547804770e+00
7.600678931171154673e+00
-8.675372445657600906e+00
2.405880504609039860e+01
-1.647522226986687315e+02
-8.110734393545456555e+01
-7.895030383248433203e+00
-2.289042232820873934e+01
-1.846923160560238086e+00
1.483979083516055297e+01
-5.096867013079822328e+01
3.106195263055414202e+01
-1.949395716633610789e+02
-6.302619513889313652e+01
4.906536166219262185e+01
-2.153253651118889778e+01
-6.096649043750668540e+01
6.458215131715873270e+01
-8.652040777759097523e+01
-5.190621146351666084e+02
1.473150260925443717e+02
-6.857989831228212552e+01
-3.461712980328463232e+02
-7.600644117163836881e+02
3.808024482337661425e+02
-7.144781168601923582e+02
2.774118280493229122e+03
-1.127259551271909913e+03
-2.526537960405103718e+02
-5.560172961671689507e+01
7.760347028500412137e+01
-1.252942825031681195e+02
1.036357897555699537e+03
8.255652710487806871e+02
-3.177160025801386922e+01
5.806246542647289743e+01
8.636266888743906023e+00
-1.664568028727545368e+01
1.513298699251835355e+00
-1.661994107169644508e+02
6.297773933487277418e+02
-2.614894258272721004e+02
2.118139461843049531e+01
-4.289480709397690816e+01
-1.919031651103162162e+01
2.282266030314405114e+00
-2.268161706859780224e+01
-7.913644552669807375e+00
2.484442258570062734e+02
7.223650047528397522e+01
-7.735488219780933150e+00
-4.440380600166515812e+00
-2.829111262981063857e-01
-6.366477797637187130e+00
4.808401155328751564e+00
-4.448980529561441699e+01
2.352703427944633319e+01
-2.582671630715421429e+02
-1.976072293911976985e+01
-1.054669241862501661e+00
-1.845061706509893706e-01
5.594238200639881420e+00
-5.044895816352995332e+00
-2.757056643409432084e+01
1.886987093945500931e+02
-4.894891995510606364e+01
3.680165289756321556e+01
-4.375612404448978765e+01
-6.193874475371218580e+01
4.777885242294569679e+01
-2.467874507376119482e+02
-2.147846173839801907e+02
1.151604018194697403e+02
-1.504047885695110720e+00
1.208315653387989386e+02
-4.115834353337842231e+02
8.394331533588609773e+02
-1.228530360946617066e+03
5.827560180660876767e+02
-1.706270369089206440e+02
1.296916355589125089e+02
-1.984705506536463133e+02
1.417496591585056649e+02
3.228581054363407929e+02
3.496847237058786817e+01
7.921635125818025358e+01
-6.046566193623134211e+01
8.509581837713712105e+01
-7.985500908294423539e+01
1.475496250410556627e+02
6.709493783997316996e+01
-9.563549160341608513e+01
6.305737594254335221e+01
-1.369604089008899450e+02
8.009268364031404985e+01
-4.389551885177977653e+01
6.611390310999200892e+01
7.261838925439209902e+01
-1.038835047116865695e+02
9.740795956244963349e+01
-4.466544199048722135e+02
9.565545433261671633e+02
-6.132276423305911521e+02
2.667003173605829716e+02
-1.345617325695799309e+02
5.886474651807006921e+02
