4.519026105536871000e+03
4.809491316519731299e+03
5.076264358658992933e+03
5.294535005415163141e+03
5.466376976088688025e+03
5.601669695958086777e+03
5.710693097382362794e+03
5.802537312442776965e+03
5.884724027456034491e+03
5.962805642966851337e+03
6.039926871487040444e+03
6.116979744358732205e+03
6.193550899167854368e+03
6.268984862943762892e+03
6.342913490716550768e+03
6.415264584240736440e+03
6.486078948477340418e+03
6.555364568574932491e+03
6.623048589418215670e+03
6.689000446125427516e+03
6.753080871501204456e+03
6.815184288053003911e+03
6.875261434223796641e+03
6.933323050983850408e+03
6.989431470945203728e+03
7.043687289673787745e+03
7.096216152452872848e+03
7.147158239895162296e+03
7.196661230173979675e+03
7.244876510647848590e+03
7.291958021119517070e+03
7.338063076478118091e+03
7.383354622762751205e+03
7.428004482484740947e+03
7.472197155548033152e+03
7.516133612085674940e+03
7.560034216925220790e+03
7.604139461977763858e+03
7.648706609475033474e+03
7.693999846867433007e+03
7.740271515614287637e+03
7.787733026615092967e+03
7.836516851492429851e+03
7.886635490110631508e+03
7.937948082553363747e+03
7.990147264806302701e+03
8.042775009515811689e+03
8.095266809730854220e+03
8.147013324560560250e+03
8.197423439624551975e+03
8.245974914443162561e+03
8.292245716424209604e+03
8.335926192826587794e+03
8.376816493926266048e+03
8.414814831755389605e+03
8.449901390089838969e+03
8.482121248780003953e+03
8.511568312594261442e+03
8.538371222702911837e+03
8.562681585963688121e+03
8.584664493353846410e+03
8.604491117180677975e+03
8.622333103132230463e+03
8.638358459345625306e+03
8.652728661535211359e+03
8.665596724012650157e+03
8.677106022045682039e+03
8.687389686425778564e+03
8.696570423837451017e+03
8.704760645580654455e+03
8.712062811963853164e+03
8.718569920442194416e+03
8.724366082575847031e+03
8.729527148648530783e+03
