2.799999999999999822e+00
2.872734124634929387e+00
2.869880263151549649e+00
2.872309502166029205e+00
2.874490176444257639e+00
2.876055641970834298e+00
2.877063516064752413e+00
2.877638688557484503e+00
2.877905947103176043e+00
2.877977907277669889e+00
2.877948738423539599e+00
2.877888203672361200e+00
2.877841374994519530e+00
2.877834596607964812e+00
2.877882738934441242e+00
2.877993495763346399e+00
2.878168198847685488e+00
2.878401292101852249e+00
2.878680784235299495e+00
2.878990491535882157e+00
2.879313296045208581e+00
2.879634076311718971e+00
2.879941424339528044e+00
2.880228042946807232e+00
2.880490226944028009e+00
2.880726938741475340e+00
2.880938856271369364e+00
2.881127585924033507e+00
2.881295093918346151e+00
2.881443335480985635e+00
2.881574035772571207e+00
2.881688577326463996e+00
2.881787959634538598e+00
2.881872808806961395e+00
2.881943425523420199e+00
2.881999867086317835e+00
2.882042064180416752e+00
2.882069974269603208e+00
2.882083769601681222e+00
2.882084046073626116e+00
2.882072018709121775e+00
2.882049644837185287e+00
2.882019601977040324e+00
2.881985066722807520e+00
2.881949307993099563e+00
2.881915202364324191e+00
2.881884839681776000e+00
2.881859356360482405e+00
2.881839021806415602e+00
2.881823489870962707e+00
2.881812085947958568e+00
2.881804035440143963e+00
2.881798602029597145e+00
2.881795149508838083e+00
2.881793156380718202e+00
2.881792208281964474e+00
2.881791983221103859e+00
2.881792236338078794e+00
2.881792786272487028e+00
2.881793503326938399e+00
2.881794299166809292e+00
2.881795117830185049e+00
2.881795927951424030e+00
2.881796716164223060e+00
2.881797481649947201e+00
2.881798231765184681e+00
2.881798978650196297e+00
2.881799736693460456e+00
2.881800520709403735e+00
2.881801344699927991e+00
2.881802221068009651e+00
2.881803160177211165e+00
2.881804170163141166e+00
2.881805256922541858e+00
