-8309.568651
-8083.221643
-7991.948729
-7938.503021
-7898.119414
-7865.824421
-7838.282856
-7814.529321
-7793.562986
-7774.907650
-7758.104902
-7742.866798
-7728.941016
-7716.144520
-7704.322604
-7693.353808
-7683.135833
-7673.584563
-7664.628476
-7656.207024
-7648.268057
-7640.766547
-7633.663224
-7626.923694
-7620.517634
-7614.418196
-7608.601492
-7603.046186
-7597.733148
-7592.645168
-7587.766715
-7583.083730
-7578.583451
-7574.254267
-7570.085583
-7566.067712
-7562.191778
-7558.449627
-7554.833759
-7551.337256
-7547.953730
-7544.677268
-7541.502390
-7538.424007
-7535.437386
-7532.538119
-7529.722092
-7526.985464
-7524.324640
-7521.736252
-7519.217140
-7516.764338
-7514.375053
-7512.046660
-7509.776680
-7507.562777
-7505.402742
-7503.294488
-7501.236038
-7499.225519
-7497.261156
-7495.341262
-7493.464236
-7491.628556
-7489.832772
-7488.075506
-7486.355442
-7484.671326
-7483.021963
-7481.406208
-7479.822971
-7478.271208
-7476.749920
-7475.258151
-7473.794986
-7472.359547
-7470.950992
-7469.568516
-7468.211343
-7466.878731
-7465.569964
-7464.284356
-7463.021247
-7461.780002
-7460.560011
-7317.671576
-7302.357429
-7301.366488
-7296.960267
-7295.604088
-7242.928791
-7241.308737
-7219.770791
-7219.223229
-7207.885257
-7207.645471
