-9001.666876
-8758.500552
-8673.726121
-8624.092048
-8588.325800
-8559.792548
-8535.870940
-8515.270045
-8497.215184
-8481.185414
-8466.806120
-8453.797190
-8441.943271
-8431.075323
-8421.058315
-8411.782756
-8403.158679
-8395.111269
-8387.577645
-8380.504440
-8373.845965
-8367.562801
-8361.620691
-8355.989682
-8350.643425
-8345.558630
-8340.714607
-8336.092902
-8331.676987
-8327.452011
-8323.404582
-8319.522588
-8315.795045
-8312.211964
-8308.764242
-8305.443558
-8302.242296
-8299.153466
-8296.170641
-8293.287903
-8290.499789
-8287.801251
-8285.187614
-8282.654542
-8280.198008
-8277.814268
-8275.499830
-8273.251440
-8271.066057
-8268.940837
-8266.873115
-8264.860394
-8262.900328
-8260.990711
-8259.129469
-8257.314648
-8255.544403
-8253.816994
-8252.130776
-8250.484192
-8248.875768
-8247.304109
-8245.767887
-8244.265845
-8242.796787
-8241.359576
-8239.953128
-8238.576411
-8237.228443
-8235.908284
-8234.615039
-8233.347852
-8232.105903
-8230.888411
-8229.694624
-8228.523825
-8227.375325
-8226.248465
-8225.142609
-8224.057151
-8222.991505
-8221.945109
-8220.917424
-8219.907929
-8218.916124
-8058.380812
-8053.845579
-8052.007487
-8050.969841
-8050.221104
-8015.828454
-8015.669350
-8002.317402
-8002.287176
-7995.820782
-7995.812371
