-11.254856
-20.141878
-8.134449
30.206449
-14.638421
34.250425
1.241996
14.171733
-0.982933
-47.003312
43.428978
-42.582354
-21.736023
-11.820915
-34.246346
77.177033
39.609642
14.592794
3.190886
38.542633
-100.886015
-1.316458
-31.268322
-91.398315
35.518490
119.235240
-9.472434
45.088264
-43.923485
92.863212
84.221014
-101.478517
-2.738254
-54.548988
6.490965
-1.542229
-64.193894
39.951215
6.906687
11.638748
-0.613413
-38.111928
125.425954
26.685591
-51.597872
-33.976311
-36.550651
-12.332666
27.669464
-53.078230
-46.615213
27.372628
23.837691
36.126700
-22.330237
4.061211
-4.165105
-88.438110
-71.922155
25.371609
-60.693851
26.622550
80.730083
-28.853540
407.529328
-109.089017
-37.923832
72.968453
116.604814
-176.706923
-14.766072
-16.955044
-35.480536
-1.544272
128.000496
-80.050021
59.973955
6.889576
6.426684
8.773384
-38.724260
44.437316
-28.931738
16.554802
-29.684752
-22.578862
-10.361035
-11.247361
7.021314
-10.344173
-2.447448
-50.748599
34.874845
-15.573518
8.117430
-2.703176
-29.646851
16.801647
-54.568320
19.422077
-23.578005
-13.535109
-47.094524
17.064711
-28.109733
15.214579
13.113588
11.747805
-14.716529
17.160814
-23.879991
12.984446
-35.876402
-18.857685
6.028860
-19.111286
-7.485606
39.903094
115.405752
-107.985303
47.724716
-27.251517
31.272436
7.816241
-122.108754
-3.347381
16.861409
-26.416746
57.148521
5.621751
24.684275
-10.039155
2.711653
-30.787107
-32.979488
5.333029
-21.458140
-14.267594
-12.776415
0.171215
5.144577
7.756001
1.841435
-20.021726
10.914342
1.652369
-6.165995
-0.346650
-10.839943
-26.029761
-13.801171
27.907928
-38.112154
0.860600
-12.533255
-9.449055
6.053586
-8.697940
36.206037
-27.293536
12.235156
-4.827082
17.241764
-14.032773
3.053618
-33.091376
21.002109
-23.252022
-6.875154
-4.271937
-24.820559
15.963616
-35.068939
114.870185
-1.367088
6.895230
-16.007678
-5.984263
0.012362
-35.251699
-11.026453
-51.831796
32.833038
-28.112556
-1.932366
44.600594
8.573818
-20.949036
-3.753353
-8.670648
-1.164186
23.648512
-49.217238
-17.248901
-261.422162
60.870966
-65.908372
17.631929
-2.079801
-15.530301
-67.226253
13.335720
-12.092442
11.500082
0.747589
-21.521186
-5.069975
-68.522577
7.670260
-2.816363
-7.694628
-21.270496
-12.770566
-6.528110
3.834218
16.439936
-5.104194
-23.672933
2.144613
-1.631877
7.638735
-19.084954
-5.457834
-10.861305
-101.222176
17.042147
-13.458115
-6.962193
-25.955736
11.610326
-11.726107
18.859612
-16.369331
6.490582
0.002323
-5.090671
2.474881
-13.297896
17.159793
-117.334253
-26.686672
3.265061
-10.491552
-0.674972
1.655372
-14.226131
46.849771
-49.987957
27.339525
-33.404511
-19.367521
17.225619
-16.105564
33.366157
-38.135304
143.274291
417.729732
-123.247360
75.682532
-82.060818
-41.979085
209.169174
216.269845
-93.646977
8.954130
-20.812858
9.587411
10.764146
-116.146773
368.714506
-65.689251
4.919632
8.976629
7.370963
-12.163217
15.625968
10.516991
-177.549700
44.464933
-8.781208
-3.357073
-23.053957
-16.020999
2.565762
-21.282253
68.972239
-11.551962
4.500121
-6.762416
4.813671
5.776827
-6.876239
29.349391
-166.005071
-19.646340
-13.628200
-1.888766
12.563042
-42.799872
-10.331778
-11.741576
13.699590
-9.910280
-65.910674
58.489757
-28.768047
-355.390367
117.370107
-41.773481
-196.719985
-50.936589
-144.340544
97.958259
-29.264344
7.701197
-7.460097
26.356224
-29.897156
-8.267616
37.839208
-8.946279
-14.182593
-26.069849
9.580633
-20.751950
-61.028155
318.995018
-128.467515
18.339255
-26.205042
11.036959
-22.389213
7.306989
0.981876
-54.361760
-50.548249
24.705864
-11.187524
15.207334
-13.383538
-71.183843
-25.323054
-25.290921
-71.905800
36.885549
4.765295
113.743879
6.945426
-18.517968
-40.604718
79.127577
-13.115937
5.583266
1.513199
-23.707876
31.750992
-26.585454
-5.097092
2.303312
-111.564696
10.195731
-46.587368
-50.389087
20.623636
121.003103
