103.649872
102.969877
103.807928
104.485870
105.194529
105.841542
106.467103
107.055514
107.619929
108.158964
108.677649
109.176967
109.659284
110.125748
110.577748
111.016257
111.442242
111.856497
112.259763
112.652691
113.035880
113.409869
113.775155
114.132189
114.481390
114.823139
115.157793
115.485679
115.807102
116.122346
116.431674
116.735334
117.033557
117.326558
117.614542
117.897700
118.176212
118.450249
118.719972
118.985534
119.247078
119.504742
119.758656
120.008945
120.255725
120.499109
120.739205
120.976114
121.209934
121.440758
121.668676
121.893772
122.116127
122.335821
122.552928
122.767519
122.979663
123.189427
123.396874
123.602064
123.805055
124.005905
124.204666
124.401390
124.596128
124.788927
124.979834
125.168892
125.356145
125.541634
125.725398
125.907475
126.087904
126.266718
126.443953
126.619641
126.793815
126.966505
127.137742
127.307554
127.475968
127.643013
127.808713
127.973094
128.136182
568.412483
568.551652
568.582897
568.648605
568.688410
853.737276
853.755874
1091.891321
1091.897776
1275.405810
1275.408823
