-37.289067
15.254159
-50.191832
21.829059
-38.864141
30.980404
-45.663499
58.376941
-42.979650
-69.654434
-25.923047
5.304722
-34.966053
46.296558
-92.032319
59.608902
130.892308
-10.096924
-4.578600
21.357285
-64.739044
101.206098
-86.043636
-316.171788
-32.865043
64.936290
-124.186760
-131.603434
2626.604447
3374.706033
-24.257312
280.619498
248.611139
-67.914609
64.290845
3.331463
-35.202284
30.325073
-54.902319
6.605046
-34.066303
15.242379
-12.506295
-0.736635
8.057621
-24.740927
14.179133
-4.150340
4.800339
-28.150163
11.888094
-1.927545
-9.292272
18.350873
-11.968944
9.157793
-7.070215
6.812482
-7.156853
-0.057156
16.309628
-18.239298
16.142261
-18.233223
4.890312
13.009922
4.954302
3.649446
-7.847190
11.393997
-21.307724
14.472193
-17.822665
-4.982827
-9.793856
0.305733
8.929389
-21.597975
29.145500
-18.195886
27.762169
-1.943352
21.729234
-1.725909
-20.170854
41.709477
-61.459692
28.305655
-39.424736
-215.286550
211.564553
-20.592901
178.787438
-463.750362
75.176708
4.419752
7.066491
-22.324874
-3.398423
-48.249190
0.334392
-4.050468
-9.732022
-2.389483
-5.883600
15.823449
-30.569719
9.748464
-7.049703
8.541967
-9.620339
5.053460
-14.785535
-12.074769
9.820263
-3.846162
-4.891190
-7.706611
10.264999
-17.046861
2.505721
3.921563
-11.872732
-6.529922
-2.827392
-7.373027
-2.708424
3.364223
-7.442606
-20.192277
6.389814
-6.870174
1.123666
2.347732
-20.206836
-12.174044
-0.421182
-3.482534
-10.173042
-1.505721
-3.485348
-10.483084
-3.876636
4.840458
-15.133878
-1.945042
5.588243
-9.785574
-4.043107
-7.442215
11.221676
-35.830513
4.983612
-1.339527
-25.290280
16.308866
-11.428463
16.952493
41.537296
-25.597559
-3.558047
-29.489840
60.693545
-97.928855
208.480544
-57.490543
8.793734
-13.898365
-5.318134
17.646828
-19.938317
33.115807
-8.767699
-0.759447
-10.071357
-1.209568
0.356378
-33.695458
22.323143
-18.431192
6.886831
-16.674516
4.484106
-7.767248
3.071885
25.297549
-23.551537
6.120716
-10.366851
-0.122874
-7.828399
1.417473
-8.151072
-24.257366
7.848922
-5.006790
-0.660036
1.015571
-7.363427
-9.083513
1.111730
41.593456
-19.558295
5.364481
-12.498266
-10.364432
28.633431
8.752593
-3.376734
-3.427008
3.636339
-5.307862
-5.830282
11.299735
-5.724046
0.357661
2.550517
-12.503323
-10.773800
0.500508
0.763793
-20.388193
-12.814072
21.788171
-2.745738
-0.651097
-5.891447
-5.175996
-27.101294
13.330107
-34.001016
6.243502
-4.960797
-3.259797
-19.589072
29.526859
-76.117070
12.110848
-8.423268
4.946706
-6.935670
10.399484
-23.730652
3.731046
-0.079642
-7.292888
36.286642
-35.260712
19.247090
-30.114288
21.444339
3.388689
-5.580669
-6.691759
-41.832086
23.096420
-21.076654
15.053792
-15.237413
-14.090111
-4.602750
-1.967614
27.968424
-19.141560
6.832102
-7.702162
-7.581100
12.994070
1.877189
-1.453773
-79.354524
18.554593
-16.071160
12.799100
0.745968
-54.379217
-16.112130
-9.181770
-5.592512
-19.895727
9.315669
-6.758452
-12.103563
-8.989911
-21.244279
-1.807503
-1.774023
23.210827
-16.900296
4.257008
8.880450
24.817299
-27.495684
0.025655
0.434163
-12.059758
5.568511
7.597149
-17.088876
20.449985
-5.837876
6.915668
-19.495086
35.296839
0.985260
-2.263917
-20.564739
12.912482
-8.043538
-86.609085
69.872460
-33.957691
37.348212
-82.530047
-14.657205
109.502042
-54.089146
27.398649
-23.745582
30.065762
47.374856
-111.383676
41.977540
-25.654357
6.076711
-10.331938
-72.622827
367.377637
-59.003068
21.168786
-36.261414
23.949669
267.711519
0.186366
129.418876
19.286159
-23.923435
20.954739
-19.014752
-6.505606
273.738287
-29.242202
-31.199147
14.800430
-26.669931
17.448220
-43.824160
-5.329128
19.382494
-11.854482
-5.060564
6.187101
-13.576657
3.127408
-26.368984
-14.324265
75.852554
22.518754
