-9.541701321534939950e+01
-1.365405618895537465e+01
-3.626631327307583774e+01
-6.956896322359642681e+01
-3.461933601571782759e+01
4.442722408343074392e+01
-2.820809055903809082e+01
1.828791039857370393e+01
4.029187859573990949e+01
-2.313436101795817379e+01
-4.973467738946889938e+01
-1.704312033937283388e+01
-2.883002110677603813e+00
-2.351654847644308788e+01
-4.971654858535568167e+01
-1.572680891983659635e+01
-8.860355745306873754e-01
1.810330809156290499e+01
-7.174602460254637659e-01
-1.871298753256232317e+01
6.689353808263430956e+00
-7.800416760623264167e+00
6.465619545565392201e+00
-2.037912700654892717e+01
-2.633414220493647306e+01
-2.531924802245150019e+01
1.973311962085086080e+00
-2.085865203781787613e+01
1.051990941553228254e+00
-2.122966346934531856e+01
-1.019131516023145068e+01
-1.843868192446432985e+01
-1.157822671361547009e+02
3.369867727339130425e+00
-3.581064341946517260e+01
-5.309933968020610351e+00
-4.123519427281922134e+01
-5.517645673191470479e+01
4.406609752670768643e+01
-7.091292356331774727e+01
2.945862993928179208e+01
-4.490966174280279688e+01
-7.696574679937877761e+01
-5.179015462557177329e+01
4.016452892298508104e+00
-2.112861339912708747e+00
-3.291960132969447983e+01
1.091315864840942140e+01
-2.102481778112134592e+01
8.679389503671957939e+00
-1.975687564082518577e+01
4.244390680016546291e+00
-1.046586626496901928e+01
-4.672271880548177769e+00
2.025095903626005622e+01
-2.460657205897585076e+00
2.605130923325394976e-01
1.712215818060297678e+01
-1.065860416592257742e+01
-6.573853105909979178e+00
-1.005084870840493139e+01
-3.414445735668520943e+00
1.485975977966150774e+00
-2.357689471217618049e+01
3.931386093948925797e+00
-1.294075112003241657e+01
-2.534535551200885450e+01
6.434512302358094793e+00
-9.694690530975824672e+00
6.944172624633446755e-01
-1.234112594558430587e+01
-6.090479679854379214e-01
-2.704941117764208425e+00
-2.889308131423764525e+00
-3.019754691202062080e+00
1.340810493882288590e+01
-8.489526578695821613e+00
1.264339832986592915e+00
-2.421162364276941759e+01
-7.977532969795574580e+00
-5.923065519897782849e+00
-8.174969771758656023e+00
-1.818002779177993800e+00
-1.161346791469090967e+01
-6.148945459729942442e+00
3.689649951420029161e+00
-4.244463175299989288e+00
-2.321401227403900691e+01
1.429572325424454782e+01
-8.900407713488586836e+00
6.257831942088017740e+00
-2.673789916806847078e+00
1.936481863445652429e+00
-1.478461292626128198e+01
6.749111129244671048e+00
-2.923247675461840345e+01
3.703032887885314040e+01
-6.323639263204105987e+01
2.200935105518982482e+01
-2.560620047078418082e+01
2.802700976705180835e+01
-1.043791908569511975e+02
-6.395807440351725859e+01
-3.074818892173833973e-01
-6.277672061374166645e+01
-6.330488002178873863e+00
-2.885876384937461570e+00
1.520758622095249635e+01
-9.409779741177482393e+00
5.050342625280685560e+00
-7.520702934761556158e+00
9.212381226128285583e-01
-8.188680255587682311e+00
3.641093097674459322e+00
2.077595076628911031e+01
-2.275561576275464759e+01
1.810553814079012724e+01
-2.110936181766889064e+01
1.308681987270576741e+01
-1.352491774542825809e+01
2.275706749815536512e+01
-1.839274445605673236e+01
-2.342437797990294612e+01
-1.499148687122531776e+01
4.923914845918972105e+00
-9.921245277581940414e+00
-2.657793841772731813e+00
-1.393044533875627877e+01
1.017315920709722299e+01
-1.764297370886266236e+01
-7.626296686009460757e+00
3.915035785467923635e+00
-4.749112924728884799e+00
-1.334822930716461187e+01
-1.486216923875769602e+01
-4.075261241892420561e-01
-2.278194714935978027e+01
-4.607086966845532316e+00
-7.055131297534544821e-01
6.999789928393964633e-01
-7.570418107643582140e+00
-8.465597199637970860e+00
3.444675964155597736e+00
-4.327449969524572282e+00
-9.493017202416542233e+00
1.547078340097969118e+01
-1.580039702025471193e+01
7.001717011612085262e-01
-1.676187362567677752e+01
3.271284914882539585e+00
-1.246451948353365502e+01
-3.330201236725262248e+00
-1.618510629306669557e+01
5.227960592525570105e-01
-2.344888896981084159e+01
-8.676564800473874683e+00
-8.982571594974922746e+00
1.493802518104001464e+01
-2.495952682680589518e+01
8.713922092159002375e+00
-1.486930631338624842e+01
2.941196367343240858e+00
-1.267877508309481627e+01
-2.060221000648418510e+00
-4.133316228967368389e+00
-6.275698089146817260e+00
-3.512600513794193091e+01
1.356722025263836429e+01
-2.612094965788337930e+01
7.967226848204141731e+00
-2.425552381434602367e+01
5.902133268039062131e+00
-1.234370540247130776e+01
-4.841576647971907121e+00
-4.991488226054880073e+00
-7.943618687099252895e+01
-1.136977436230711191e+01
-5.709465446742960637e+00
-1.741572766094067148e+01
1.759509535819877257e+01
-1.714421440235973293e+01
-3.558733854440714772e+00
-5.423150244258993169e+00
1.230139522726369172e+01
-3.747998193439934767e+01
-1.626154655470340327e+00
1.625705976222518245e+01
-9.678766882966449714e-01
-2.696774408187264882e+01
-6.430733453875983940e+00
-3.145145817056974380e+00
-2.973374714011668019e+01
1.260173611168256214e+00
-1.854761811213181133e+01
-5.565435289773343897e-01
-3.934199023037947285e+01
-3.899742071979948044e+00
-7.127386791380866171e+00
-4.667362710826837713e+01
1.396450621787211333e+01
-2.848680220570279076e+01
1.192926087886399777e+01
-2.055026130535578943e+01
6.782180199032196377e+00
-1.868032392076376169e+01
-4.634477158495420213e+01
6.811796768763803689e-01
2.324907087457533805e+01
-2.940747557148980107e+01
8.054042027078093469e+00
-1.488664575229184095e+01
-5.425696224836443093e+00
-1.627554490596425651e+01
-4.970186991812767907e+00
2.614723249731389743e+01
-1.406161464303168529e+01
-1.855219250603452252e+01
7.030135319166576302e+00
-1.011891904420093624e+01
-5.835593078105683063e+00
3.377925281178063788e+00
-1.501062009434553035e+00
-7.448443770320921864e+00
-3.648713702021529315e+01
-9.298645716686795737e+00
1.626772012787175203e+00
-2.218904828032631116e+01
-1.614265925092923215e+00
-7.622482228217023703e+00
-2.276417216847404035e+01
-5.260631420918759460e+00
-1.443859569184238190e+01
1.647209520820755912e+01
-7.417400338813235905e+00
-7.210764014853214832e+00
-6.882025966284794904e+00
3.459259267642976754e-01
-1.042785353803578907e+01
7.449557736786029949e+00
2.876191077984794120e+00
-3.475858307710432360e+00
-4.014108897003319498e+01
5.823761485561112394e+00
-1.824540665634727432e+01
4.526337640483954594e+00
-1.793441811702158972e+01
3.700773154371100659e+00
-1.694733000955186597e+01
-1.709825276116387371e+01
-5.746731687697060664e+00
4.466230997729580565e+01
-1.556102028148302630e+01
-2.540132838418741823e+00
-3.167222816027418730e+01
1.934915710711520020e+01
-3.252919119946150062e+01
7.107488623398122707e-02
-9.120007971595102347e+00
-9.371585662373744796e+00
-3.793420926705432095e+01
-5.282219055562880072e+00
1.043875548810043963e+00
5.904674342987870084e+00
-3.919972129805477579e+01
1.536630054899379871e+01
-1.166587238493820955e+01
-9.867864279214652257e+00
-8.938622111424914252e+00
-2.754688351297900084e+01
2.503356232456619779e+01
-9.085821188032394957e+01
2.872683899133748753e+01
-3.896939285025599276e+01
-1.395278348169358296e+01
2.049479022830547592e+01
-7.671865838157677864e+00
-1.183664549688391299e-01
3.004203564619993827e+00
1.459255205909111730e+00
-5.185597658989437697e+00
3.962437984067996410e+01
-2.765672713100450153e+01
1.651825533103358268e+01
-3.138953535329141431e+01
4.951868856180851708e+00
2.858679795471418927e+00
3.117858441341129438e+00
-1.035407032590577714e+01
-4.204007945425598791e+01
2.186043199889729394e+01
-2.392000145450605686e+01
6.701519208569904684e+00
-5.259078807643195574e+00
-1.500987786890543774e+01
-2.803003994239972929e+00
-3.555026405744007434e+01
6.956166396718725942e-01
1.145896134274028455e+01
-2.220793878507403107e+01
3.050476812505952040e+00
-6.949904014858147683e+00
-1.594252384430572178e+01
-5.082170414255022806e+00
-2.781490156852330919e+00
3.764579590685682042e+00
3.067875154305763186e+00
-1.970833534535768550e+01
1.242089919529765041e+01
-9.409627307688094078e+00
1.304175782342060774e+00
6.927575139065072385e+00
-4.204853744439354557e+00
6.665706354117788557e-01
-8.725306333878327436e+00
-1.640809957735561042e+00
3.386807695833852438e+00
-2.212110891122696188e+01
-2.502219292719447985e+00
-1.781899825338667043e+01
-9.176250619200295944e+00
-2.637783374296319749e+01
-6.018626919448910595e-02
-1.161282848351006081e+01
-3.164485667384651890e+01
6.550112116006201468e-02
-5.951003788613056678e+00
2.924290615301096352e+00
-5.559050382158153170e+00
3.961316832698437373e+00
2.697918827731978109e+00
6.240212217681688767e-01
-5.154851573535627551e+01
1.852272762985697696e+01
-3.350264522276589219e-01
2.290882325974812783e+00
-2.122460900618447255e+01
-4.534456857801673735e+00
-1.653883020522441072e+00
-8.210763876756308477e+00
9.139625762110579643e+00
-1.444638525891327419e+01
-2.971212257459286121e+01
7.146465322060504555e-01
2.157761519716206422e+01
-1.370957679426107667e+01
-4.875026299391669760e+00
8.085937976291264206e+00
-1.170591168252792436e+01
-2.150354299044856532e+01
3.178311288008602631e+01
-1.696523624976197553e+01
-3.199471618784715332e+01
-1.209695407369557429e+01
-4.237479279719974734e+00
-1.548391541021931062e+01
-1.137933154445252448e+01
-5.374167126241777481e+01
1.372170405404933469e+01
-1.985558824147583579e+01
1.374668060194723118e+01
-3.723205246104601684e+01
-9.948542831698903299e+00
-2.645071797318866658e+01
-3.683261211569865079e+00
4.085506059659780220e+01
-4.037701357607863883e+01
1.376737688813719451e+01
-1.604410690759179303e+01
2.596301506831165895e+00
-7.708243802182183302e+00
9.378418667037021095e+00
-7.845179218878175043e+00
-3.230928218650039696e+01
2.382658217467113104e+01
-2.178602524330813139e+01
5.569975768280475137e-01
-4.157514219226978724e+00
-2.134340368986016756e+00
-1.708820530772563728e+01
-2.828824146246461524e+01
1.478487578558118187e+01
-2.907871908195747324e+01
-1.469576703183107291e+01
-1.330345644113277537e+01
-2.283326732320175978e+01
2.413187729131924364e+00
-1.569922816869523174e+01
-6.261434916225301350e+00
-2.307081565482516794e+01
3.293919890839298148e+01
-1.585488440564635582e+01
3.423093494617231869e+01
-7.055101008773343452e+00
1.971842334872042812e+01
-1.962741200060381175e+01
-3.241519266973187818e+00
-8.754259184952386974e+00
4.917680799260759628e+00
-2.112138592186893149e+01
-7.535710432693191407e+00
-1.428771388406284082e+01
-1.458473937549589827e+01
-1.365599805464041694e+00
-1.164779100404160594e+01
-7.879382916864270392e+00
-1.170734444336470759e+01
1.516822556577862713e+01
-1.292707844051283672e+01
-5.137817731847733604e+00
2.615584809836379421e+00
-1.786581525035811779e+01
-3.700510880313315454e+01
7.643207623220844571e-01
-8.014052941661880425e+00
-1.665219532644679745e+01
-2.684723257944759212e+01
-1.061923460982430640e+02
4.571713820514344206e+01
-1.066903106972534374e+02
3.005748342942320761e+01
-6.442192638273638750e+01
-2.434556555533102085e+01
-1.339219887484065907e+01
-2.306775611671302073e+00
5.571093277577565672e-01
