-3.790943189190903695e+01
-3.541739224885887438e+01
-2.423503976175982189e+01
-2.943223531761516298e+01
-5.871365091296421923e+00
1.197393120387327414e+01
-4.232326468512876083e+00
2.576353816803651497e+01
2.016024830350626829e+01
6.517696578404387209e-01
-4.030116765349011132e+01
-4.504292746819687387e+00
-7.038907473621259570e+00
-1.700654052551535855e+01
-2.818060118510893020e+01
-3.191279902254627032e+01
-2.604694944724597505e+00
1.619068211638128574e+01
-8.511667899943713422e+00
-2.637010349202653092e+00
-6.431284729112288545e+00
-9.169173469089237472e+00
1.616742788442991952e+01
-1.452168626360030412e+00
-9.994501169516878392e+00
-1.919461437653954761e+01
3.332537946570063525e+00
-5.259065327445577864e+00
1.627737892777633988e+01
-2.212079644980335758e+01
-1.786304900736619850e+00
-1.929970407442048597e+01
-1.351247164327340045e+02
-3.002485211704303225e+01
1.552075650619373093e+01
-2.888275112744928919e+01
-6.753451833873520549e+00
-3.440476192159767077e-01
2.954389447265313962e+01
-6.850782016058323265e+00
1.483924096730920539e+01
-3.473854002147418640e+01
-5.442130813967053626e+01
3.767759187215965255e+00
8.872817512877375634e+00
-1.735505635678542191e+01
-1.459360558981030387e+01
-9.806447062467610110e+00
-9.116319627924136526e+00
1.179905792076419324e+01
-9.048850559527126691e+00
8.445551291064433030e+00
-6.457482768340512713e+00
4.974090442517405286e+00
5.061736543847211500e+00
1.645973448721323606e+01
2.483650518541957730e+00
1.063614062367330426e+01
-6.711645269522714230e+00
-2.798693796261643385e+00
-2.397457320245925061e+00
1.353898302651791896e+00
-3.436752756351078020e+00
-9.067039711312249395e+00
-7.537633086652816283e-01
-1.335751084342123818e+01
-1.455787802726709579e+01
-6.283985793588605651e-01
-1.981014708918847900e+00
2.465116790236704603e+00
-1.345826250662663259e+00
-2.685322411743039428e+00
1.428266529498164239e+00
2.383934261326345450e+00
-2.271841493435964310e+00
1.346426725431026661e+01
5.292624147302460003e+00
3.860891878222421525e+00
-1.380032226073864976e+01
-8.557365221651723530e+00
7.658566335965081073e+00
-9.270133073880607810e+00
-2.258085923455347421e-01
2.103457451351295138e+00
3.923710324886865664e+00
-2.790908924722977247e+00
-2.727032738423516456e+00
5.168630687418993563e-01
-5.322904588494767886e+00
1.476684769769437189e+01
-3.037660144489461089e+00
8.977441239357084601e-01
-2.000925420765648965e+01
1.424764483801534354e+01
-5.137856388682878084e+00
-6.563333341182356229e+00
9.803313481145714547e+00
-3.614532238638332728e+01
1.225780097128699531e+01
-2.391464004791576059e+00
1.748249738874822157e+01
-1.161191036540531343e+02
-1.299229634913808127e+02
4.110058516927207961e+01
-6.087667906672733409e+01
-7.252936940405037447e+00
9.717545209160245889e+00
1.369404722803444585e+01
1.303641289904927802e+01
-1.144228028179431789e+01
8.173115416171540915e+00
9.984162038828280572e+00
-5.171904496394625461e+00
1.850502562084818781e+00
-1.902466569274426922e+00
-4.571917995813416624e+00
-3.153171996073943717e+00
-1.277424089067226376e+01
1.668776873788872450e+01
-1.780974667914705378e+01
1.965961871504753944e+01
-5.274147889769768938e+01
-2.260680429483977250e+01
2.628739728748481497e+00
-7.276709031306290321e+00
6.846737755334499020e+00
-2.036161832254447468e+00
-1.142835953117267245e+01
1.296337898688686963e+01
-2.135953247709864300e+01
1.514569922464714580e+01
7.865223398064629556e+00
-5.904241258920926327e+00
2.954995520506748630e+00
-2.003358548994087940e+01
2.289169281727748917e+00
-1.609767173724738143e+01
-1.385231838567747342e+00
4.432810432297725534e+00
-7.401505361427782148e+00
-6.841876042386640044e+00
-5.048785597026470562e-01
-2.481149414177589163e-01
2.176716298201389677e+00
-2.712301589315462280e+00
1.828832475672085778e+01
-7.582049692446899414e+00
-2.219616446942648813e-01
-4.429595586254240658e+00
2.148191389582486455e+00
-5.418210955082398250e+00
-1.014902745357625147e+00
-1.178955422199659075e+01
4.305020360624991937e+00
-2.316565980557887272e+01
-9.698305480399637801e+00
-2.728939259061848865e+00
8.756897717939263970e+00
-1.768502145921294044e+01
5.078121410142073522e+00
-5.732965469285134397e+00
5.234909413177275539e+00
-1.312299170541521498e+01
1.189865959834539133e+00
4.816408872781249961e+00
-8.270096436861015476e+00
-2.637253837846948112e+00
7.187930005593047511e+00
-1.331477908644496644e+01
1.396880780717317805e-01
-1.496536131342235798e+01
8.605170209121599356e+00
-5.502195707772690181e-01
-1.551713891041856819e+01
1.142077686186705066e+01
-1.009015303083531450e+02
-4.429442183418558443e+00
-5.056449646836760792e+00
-4.786137100299601155e-01
1.350154052134626070e+01
-8.326540994247457306e+00
-5.606733765055169627e+00
8.171018587948420731e+00
1.288409598035680403e+01
-1.151951200434914568e+02
2.229370456524599575e+01
9.683783410128372182e+00
-1.717306241432034497e+01
-6.470407994315193889e+01
1.336969570951394015e+00
-8.079337185058484749e+00
-1.892619384829002627e+01
-1.110561727909188612e+01
-1.992598215309482779e+00
-3.317788033350567822e+00
-5.807703199794740101e+01
9.012282688041535650e+00
-2.394386473455212716e+00
-1.855153255799155332e+01
-1.934560389921741619e+00
-2.309020325343879687e+00
7.392306893732849105e+00
-1.082596229031572932e+01
1.060082025133695183e+01
-5.362689689863604947e+00
-1.244520953798228646e+02
5.730132806027683046e+00
1.241568049538757457e+01
-7.980314838063249816e+00
-6.133428843167270106e-01
-8.206502853971961997e+00
-4.556143952201031411e+00
-1.236751349623937379e+01
3.662497111161425956e+00
2.184325311719284457e+00
-1.215162499025158027e+01
-8.516723493382365007e+00
-2.547864511846614555e+00
9.409696618639634691e-01
-2.557912685647064421e+00
7.591509950026180675e+00
2.384531140063229859e+00
-5.756438046413797416e+00
-1.939950393986450905e+01
-1.626342186523275446e+00
6.405875329476695690e-01
-1.280865688506958655e+01
2.313597927292776912e+00
-8.685954471107933728e+00
-2.091218646867502784e+01
-5.772546509694316264e+00
-7.014477775307962126e+00
1.477959927409562191e+01
-1.477528870861866128e+00
-4.356031734544621337e+00
-5.140669303156466974e+00
1.920928855692147774e+00
-6.524324337013442943e+00
1.880108845111014304e+01
4.960838051784990377e+00
2.689102068801900725e+00
-4.085614342458024595e+01
7.053395827755061021e+00
-1.068854999934375805e+01
2.592836027053080805e+00
-9.675333800019918939e+00
3.698100281061931671e+00
-1.366886811333134055e+01
-1.742566149350116333e+01
1.896509752637585811e+00
2.365478497863670171e+01
-5.556104842256737619e+00
-4.043349292783863014e+00
-1.819914991350664124e+01
1.510684853756397672e+01
-2.063795359018621056e+01
-2.736846280097040562e+00
3.750023062928207196e+00
-1.338740611305107819e+01
-4.765898130181065895e+00
-3.920463666521012414e+00
9.575727699744481569e+00
-6.360037416995011128e+00
-2.208075690724504625e+01
8.145132738454995192e+00
1.738879184151548074e+00
-1.736409339419986964e+01
5.478140753205353874e-01
-1.671575267931406206e+00
1.706355993668718796e+01
-7.614860864937966767e+01
2.140811270549961876e+01
-8.441266495202359721e+00
-2.733068039409327632e+00
1.769603367946926653e+01
9.768060422901093887e+00
-6.537051720445512082e+00
1.286029638826840937e+01
9.571496521195404839e+00
-2.824873319516346459e+00
1.936000525394235794e+01
-1.323548331541566814e+00
-5.017529644387772159e+00
-1.927063803753163640e+01
-1.754154334299806273e+00
1.266739034991015878e+01
-3.269860667743448968e+00
-7.814725302104094773e+00
-2.200851440195994613e+01
-1.501083215194420895e-02
-6.327950691887296308e+00
5.016365505702979455e+00
3.547810250936116905e+00
-1.736441397436161438e+01
-8.994121202011559069e-01
1.139368120224875192e+01
8.176317549762231351e+00
4.550007712108553370e+00
-1.075423671591914987e+00
-3.243585793216258839e+00
-1.073468323324318519e+00
-1.385589231912072528e+01
-2.881405871203270852e+00
3.909439365112743925e+00
-6.829082691747398570e+00
-8.808899347623979637e-01
-1.065103720593620196e+01
7.207082574478441472e+00
-7.890425095925216681e+00
8.714791994797485231e+00
1.038463063582023693e+01
6.040356704598090154e+00
-4.615349894780417017e+00
-3.708186094909735053e-01
3.344831301841584836e-01
4.281225824935289914e+00
-1.494990058420304457e+01
2.129218365228886967e+00
-1.031256348450243721e+01
-2.040326329314415688e+01
-1.997042097301727637e+01
-2.114127456959304485e+00
2.490612567857318549e+00
-2.563118618433498952e+01
2.101660492271091751e+00
1.764974594741438141e+00
1.035161114168754004e+00
-4.368232401607309301e-01
1.144385944957968348e+01
7.654436712594856473e+00
4.498413669722839958e-01
-1.418360494547420636e+01
1.436936853418916371e+01
4.009968066135487064e+00
-2.172306400985149821e+00
-9.716661514310928283e+00
-1.048037217147604494e+01
5.959133138380107830e+00
-7.416126843811785108e+00
1.025586554393319005e+01
-6.096338770120182993e+00
-2.804432092632260876e+01
1.480280494444560269e+01
8.798328916402232025e+00
-1.882370435883247373e+00
-1.102234073271378101e+01
1.513832129513173719e+01
-5.807970882469872365e+00
-9.492614807313048075e+00
3.334147963922518443e+01
-6.873947216943806282e+00
-3.137427695189313681e+01
-1.728756310193871215e+01
5.396991531919770324e+00
-1.581938404812173360e+01
-6.935966987106916726e+00
-2.077702889831612154e+01
-8.814949455773181342e+00
7.171824847792793278e+00
6.493747165589465631e+00
-1.810599678269656465e+01
-1.392134173033682920e+01
-2.713971345201113383e+00
6.469353021576870866e+00
1.689448029420264064e+01
-1.327304753952017302e+00
1.547668743886465137e+00
-5.014146445174686662e+00
-1.777286621203346240e+00
3.346769466891266198e+00
-1.596133550838777948e+00
-1.707097911632767051e+01
-9.233016547024138987e+00
1.952831783532668286e+00
-6.302887714230165805e+00
-5.158995034114480793e-01
2.833977676798669965e+00
1.035548473075971643e+00
-1.055685475467518053e+01
-6.391697774511133190e+00
8.892985537059825418e+00
-1.423127778040381486e+01
1.446646644887557898e+00
-1.836083626287085480e+01
-1.634694659631491120e+01
-1.030769794459417810e+01
6.330327555421333408e+00
3.766411179274801402e+00
-1.185370563549621714e+01
2.848357959511074711e+01
-1.562419054439157051e+01
2.321881643576969623e+01
3.162281178416236926e+01
1.702684267503910220e+01
1.261102860271505754e+00
-5.007636813887496041e-01
-1.340248075930824534e+01
1.048358439141749443e+01
-1.436877919896253530e+01
2.609437752976899727e+00
-3.053867509926124768e+01
-2.477961545678566413e+00
-7.423178034823449067e+00
-2.289554121565843925e+00
2.818805384398528346e+00
-7.290513012316846009e+00
1.482339517502133930e+01
-7.378917938287665734e+00
4.319012300211949595e-01
2.025925089987491656e+00
-4.217831790702993189e+00
-2.371255522867188148e+01
1.982500501537039606e+00
2.518817777546275671e+00
-1.297966300512499949e+01
-2.635499484684090987e+01
-8.418702571603844831e+01
4.048111041077224570e+01
-6.491386471089793986e+01
-3.186842428760336077e+01
-7.287529801453847256e+01
-1.801723770310394457e+01
-9.133781337686558643e+00
-1.605725660935683408e+01
3.978409682062064689e+01
-8.926394435678755568e-02
-3.670276240444012217e+01
