1 38 -67 -20
1 41 -53 50
1 -28 -56 52
1 49 38 20
1 -31 1 52
1 39 -2 53
1 -34 26 -5
1 -50 18 25
1 -38 -63 -19
1 46 54 -15
1 4 19 48
1 -36 8 5
1 65 -45 -7
1 54 -33 58
1 38 24 -9
2 50 -48 44
2 -28 -70 40
2 -28 -78 24
2 52 16 34
2 44 8 32
2 32 2 58
2 -24 4 60
2 -46 16 26
2 -40 4 28
2 2 -4 12
2 10 -20 18
2 44 58 14
2 48 54 0
2 38 58 4
3 -36 48 21
3 -48 24 30
3 -45 36 27
3 -51 12 9
3 54 15 36
3 45 36 36
3 54 12 18
3 -45 -39 51
3 -45 -54 -15
3 9 12 63
3 39 -57 -42
4 -51 12 36
4 -48 24 27
4 -51 12 3
4 54 12 36
4 45 33 33
4 -45 -42 54
4 6 18 60
4 21 -57 -42
5 -48 6 27
5 -51 15 0
5 36 -45 57
5 27 0 57
6 -45 3 36
6 -45 12 33
6 -51 15 0
6 45 33 33
6 48 18 36
6 -51 -36 42
6 42 -51 54
6 -42 -51 -12
6 24 15 60
6 -6 9 63
6 18 -63 39
7 -40 30 28
7 48 34 34
7 -20 -6 50
7 24 -12 52
7 -22 10 58
7 22 16 50
7 -22 20 48
7 8 24 48
7 -6 -54 48
7 -12 -62 22
7 10 -58 48
7 -26 -44 48
7 52 -40 46
7 -28 18 -2
7 28 26 0
7 12 12 0
7 -10 8 -2
7 -42 -76 30
7 38 -78 32
8 -24 52 2
8 38 50 -4
8 34 62 4
8 32 52 6
8 -44 38 24
8 -30 42 4
8 44 32 32
8 -40 28 44
8 28 24 50
8 -10 22 34
8 6 22 40
8 18 -10 58
8 -22 6 58
8 26 8 50
8 -10 -54 48
8 8 -60 52
8 50 -42 54
8 -32 20 -4
8 34 22 -4
8 -18 4 16
8 -42 -70 36
9 0 -63 -39
9 -48 -24 -3
9 51 -18 -3
9 -21 -75 6
10 -30 27 -3
10 33 30 0
10 -9 15 51
10 -24 -12 57
10 24 -9 60
10 -48 -24 -3
10 60 -21 -6
10 3 -57 -33
10 -51 9 15
10 -42 0 45
10 54 12 27
10 39 33 21
10 -12 -21 12
10 9 -12 12
10 -18 12 -3
10 21 -3 3
10 9 6 3
10 -18 -78 -6
11 44 -60 45
11 -39 -55 50
11 50 34 32
11 -53 18 35
11 -2 8 31
11 12 -23 23
11 -13 -80 7
11 -63 -42 14
11 -69 -19 25
12 -45 27 24
12 -6 15 51
12 12 9 3
12 -12 3 -6
12 36 -45 36
12 -48 -45 3
12 -42 -54 48
12 -9 -66 27
12 -6 -81 9
13 42 57 12
13 -30 48 18
13 -42 24 30
13 -6 21 51
13 12 12 0
13 -15 9 -6
13 -33 -48 39
13 24 -57 21
13 -15 -60 18
13 -9 -69 51
14 -4 -65 59
14 -31 -58 49
14 -39 -38 44
14 34 22 54
14 -44 16 37
14 53 41 7
14 4 30 36
14 42 -70 -25
14 -34 -65 -30
14 6 -21 7
15 -22 -18 -8
15 -52 -62 24
15 -24 52 2
15 -32 -42 -26
15 -30 -66 -8
16 -32 -12 62
16 -2 24 42
16 8 24 48
16 -28 20 -8
16 32 26 -10
16 54 18 -14
16 -52 -14 10
16 34 -50 -24
16 -40 18 26
16 20 -38 -2
16 -16 -26 -6
17 4 31 44
17 6 14 48
17 26 14 38
17 48 15 18
17 -44 11 31
17 30 14 53
17 -32 8 51
17 12 26 23
17 34 -56 42
17 -34 -56 51
17 24 -91 3
17 -18 -97 3
17 48 -57 -16
17 -40 -51 -14
17 24 6 -4
17 -22 8 -4
17 36 21 -9
17 -30 27 -6
17 39 -57 -22
17 -38 -57 -21
17 2 -58 -29
17 0 -58 -31
18 38 57 1
18 -40 51 6
18 61 21 28
18 -56 14 40
18 63 -49 1
18 56 -30 -10
18 -46 -61 -2
18 38 30 5
18 -40 23 -10
18 0 4 71
18 -48 -14 53
18 -3 26 38
18 39 -43 49
18 -37 -45 54
18 8 -80 -8
18 -34 -70 -16
19 33 56 -16
19 -45 55 -16
19 53 14 21
19 -44 15 20
19 53 15 -4
19 -51 11 11
19 60 50 -11
19 -65 41 -2
19 58 31 -1
19 -55 31 1
19 44 22 -9
19 -40 19 -9
19 -5 7 68
19 -54 28 53
19 -1 30 33
19 58 49 46
19 16 5 7
19 -14 6 6
19 -32 -73 -20
20 30 42 22
20 28 25 -6
20 -30 19 -4
20 -12 1 51
20 10 16 43
20 8 21 34
20 -10 8 46
20 -10 17 36
20 32 -58 47
20 44 -37 39
21 42 35 31
21 34 48 20
21 44 40 26
21 28 10 51
21 28 7 60
21 44 8 51
21 -26 2 50
21 34 29 -3
21 40 21 -6
21 -46 3 20
21 -34 19 -4
21 34 21 3
21 10 29 32
21 -8 8 51
21 -8 1 59
21 12 15 38
21 -32 -46 47
21 -18 -61 58
21 12 -69 53
21 44 -38 48
21 44 -46 50
21 -46 -33 42
21 -10 -78 -15
21 -14 3 18
21 -20 4 11
21 28 -59 -22
21 6 -75 -21
21 2 -55 -12
21 -30 -65 -22
21 -36 -58 -27
22 -56 23 -9
22 -46 26 22
22 -35 -68 54
22 -24 -69 62
23 -36 -60 40
23 50 -50 50
23 -46 8 20
23 36 16 54
23 8 14 0
24 38 52 14
24 26 18 58
25 -46 1 48
25 -50 7 22
25 -46 26 19
25 -42 -38 39
25 -46 -35 46
25 -32 -49 60
25 48 -41 40
26 -7 -88 24
26 -24 -89 17
26 -50 -70 -2
26 -35 -50 47
26 29 -80 -2
26 39 -66 -12
26 17 -74 24
26 34 -50 45
27 -53 -21 15
27 -34 -24 45
27 -29 21 -7
27 -48 -3 8
27 -5 1 49
27 -48 -35 28
27 -3 -23 3
27 -32 -13 53
27 -13 -7 8
27 -18 -35 51
27 -47 -20 7
27 -41 -50 17
27 -26 -40 63
27 -13 -1 -2
27 -49 17 22
27 -5 -53 53
27 -35 24 19
27 -35 28 29
27 47 -33 21
27 15 24 43
27 53 13 11
27 46 -47 65
27 48 -31 32
27 72 -37 26
27 15 8 38
27 34 21 -6
27 44 23 6
27 11 -12 -1
27 9 -19 1
27 54 -56 9
27 56 13 23
27 45 -22 -25
27 58 -35 47
27 21 -63 36
27 44 54 7
27 61 -11 -3
27 17 -62 44
27 39 25 25
27 38 48 29
27 40 26 16
27 35 45 -6
28 44 48 10
28 55 19 30
28 -44 39 11
28 -36 23 -13
28 49 10 26
28 -50 11 34
28 -42 7 39
28 -53 8 13
28 -33 17 56
28 -24 9 51
28 10 29 41
28 -7 17 60
28 56 -29 49
28 43 -38 40
28 47 -37 48
28 -50 -34 41
28 -35 -38 46
28 -45 -41 -31
28 71 -33 5
28 53 -31 3
28 53 -25 -4
28 65 -14 -8
28 -40 -32 -2
28 -67 -31 14
28 -56 -41 22
28 38 20 -6
28 46 17 -9
28 -36 19 3
28 27 21 -8
28 23 4 15
28 -4 4 10
28 -26 -12 -9
28 14 -4 15
28 -1 -27 -3
28 -1 -45 -11
28 16 -12 -10
28 12 -28 -8
29 -4 25 32
29 38 -48 43
29 -32 -47 37
29 42 32 19
29 20 8 47
29 40 17 -6
29 -34 17 -6
29 -30 3 51
29 -36 -62 -27
29 -42 28 21
29 34 -63 -24
29 -40 5 25
29 48 13 23
30 -4 -61 3
30 -51 -33 13
30 -46 7 28
30 -27 -4 56
30 -15 -72 52
30 -32 32 34
30 -41 -73 18
30 -6 -20 -1
30 26 -14 56
30 43 -22 14
30 48 11 26
30 31 -5 -6
31 -11 -10 55
31 -28 0 11
31 -54 -35 13
31 -35 35 34
31 -19 -72 49
31 -23 -55 65
31 -43 -64 5
31 -15 -70 24
31 -9 -46 55
31 1 -78 13
31 40 9 12
31 51 -26 12
31 17 -65 17
31 37 -27 51
31 52 -37 30
32 -50 8 47
32 -29 19 48
32 -35 12 53
32 -40 47 21
32 -46 40 17
32 -51 46 12
32 -46 -45 52
32 41 15 45
32 30 23 51
32 53 19 40
32 40 37 31
32 49 49 17
32 40 26 -15
32 53 22 -17
32 2 17 45
32 6 31 33
32 -11 15 48
32 17 -67 67
32 21 -72 58
32 64 -39 43
32 57 -47 6
32 49 -47 53
33 -44 50 -7
33 -51 22 16
33 -3 31 33
33 -16 -2 9
33 -11 -52 52
33 -3 -83 -34
33 -29 -81 -32
33 -32 -58 -38
33 40 66 -3
33 38 42 35
33 38 15 47
33 53 19 24
33 42 29 -13
33 6 33 32
33 4 26 47
33 11 -60 53
33 44 -70 -39
34 -44 7 56
34 -36 -18 45
34 -54 -19 54
34 -49 2 3
34 -62 11 7
34 49 7 48
34 34 5 53
34 8 11 50
34 60 -70 -10
34 10 -63 -30
34 25 -61 -35
34 5 -75 -20
34 -53 13 26
34 0 -4 50
34 -7 13 52
34 -61 -40 18
35 -5 -2 54
35 20 -38 0
35 -32 -8 52
35 -25 -8 50
35 -2 12 58
35 -16 -42 68
35 -6 -28 -2
35 -6 36 26
35 12 40 4
35 -12 10 -4
35 -4 10 -2
35 14 16 -6
35 30 -42 2
35 -40 16 4
36 12 -10 60
36 -30 -42 -4
36 22 -56 -2
36 32 -38 -18
36 6 -68 18
36 52 -20 32
36 58 -22 26
37 10 36 -4
37 22 -14 52
37 26 -38 54
37 42 -24 54
37 -6 -34 16
37 -16 40 -4
37 14 20 20
37 38 -60 16
38 16 44 52
38 2 54 22
38 -26 42 -14
38 -26 48 -2
38 36 52 2
38 40 38 42
38 56 16 26
38 54 2 50
38 62 -52 16
38 -52 -4 -18
38 56 2 -22
38 68 -28 -6
38 54 -60 32
38 0 -40 6
38 4 -76 56
38 -2 -100 6
38 4 -68 6
38 34 -84 38
38 0 -82 -20
39 -49 21 -9
39 -46 -42 38
39 -42 -44 48
39 48 11 23
39 51 22 15
39 -12 -11 10
39 -10 2 9
39 6 -19 3
39 -40 1 29
39 34 21 -16
39 -46 23 26
39 46 -41 41
39 -63 -40 24
39 32 -60 49
39 -36 47 7
39 -34 42 15
39 -42 10 40
39 -2 36 18
39 -26 21 -6
39 2 32 28
40 -34 -52 49
40 -46 -42 46
40 -30 25 -6
40 -48 23 -11
40 -28 16 43
40 -42 10 36
40 46 22 21
40 30 -58 42
40 38 -52 39
40 -6 32 19
40 -4 20 21
40 6 -28 25
40 36 19 -9
40 8 27 28
40 -12 -5 8
40 6 -13 4
40 -42 16 5
40 30 46 -9
40 -4 14 49
40 -12 -68 44
40 53 16 1
40 -53 16 7
40 -4 23 39
41 -56 14 30
41 -30 26 -4
41 -12 10 60
41 -20 -74 24
41 34 36 24
41 40 12 -6
41 28 -78 24
41 -46 -64 -32
42 4 26 42
42 -46 16 34
42 -40 12 24
42 -30 -52 56
42 -10 -98 6
42 26 -84 0
43 -44 8 40
43 -40 6 20
43 -48 22 0
43 -32 -50 56
43 -42 -74 2
43 42 -64 -22
44 -44 28 20
44 -46 8 42
44 -26 -52 52
44 30 -60 52
44 -28 -94 8
44 32 -72 -18
45 -50 22 32
45 -46 26 26
45 -46 16 24
45 -28 -56 56
45 32 -58 48
45 -28 -94 10
45 30 -92 4
46 24 59 -5
46 14 80 -6
46 -22 54 -5
46 3 33 43
46 2 11 53
46 -25 1 69
46 0 -8 63
46 38 5 51
46 34 45 32
46 41 50 11
46 45 61 -20
46 -47 42 23
46 -26 71 12
46 -2 21 16
46 54 9 15
46 41 37 -18
46 -55 14 27
46 -45 55 -7
46 45 19 -6
46 -36 28 8
46 -40 4 8
46 40 -13 63
46 -37 -18 66
46 59 -18 32
46 -15 -29 71
46 -55 -17 40
46 10 -29 80
46 58 -40 38
46 -58 -22 16
46 19 -65 52
46 24 -72 23
46 6 -48 66
46 -21 -81 36
46 -8 -82 56
46 28 -48 67
46 -25 -63 57
46 -44 -21 -15
46 51 -64 1
46 47 -12 -27
46 -55 -60 -4
46 -43 -77 22
46 65 -9 0
46 42 19 -30
46 -51 19 -15
46 51 -46 -14
46 -42 -45 -15
46 21 -105 0
46 -13 -89 -7
46 -22 -72 6
46 -29 -105 4
46 1 -93 11
46 1 -79 29
46 -43 -77 22
46 16 -22 6
46 -10 -22 5
46 11 2 12
46 -13 -1 14
46 17 -50 -45
46 38 -67 -17
46 21 -55 -12
46 -21 -45 -19
46 -38 -58 -37
47 8 14 72
47 1 16 50
47 33 1 58
47 47 35 25
47 53 11 33
47 38 55 -5
47 -47 55 -5
47 -36 -3 47
47 -54 12 34
47 -36 46 14
47 10 39 -4
47 -9 30 7
47 -16 53 -12
47 7 30 29
47 57 14 30
47 44 36 -18
47 -53 20 -13
47 -58 15 27
47 -30 23 7
47 59 12 -1
47 -51 13 4
47 6 -21 66
47 43 -17 48
47 -59 -20 17
47 17 -74 61
47 31 -72 24
47 3 -56 66
47 -6 -82 51
47 -23 -63 57
47 35 -42 52
47 57 -27 33
47 -39 -44 53
47 43 -74 1
47 -47 -67 3
47 -35 -86 5
47 50 -49 11
47 31 -43 -17
47 -35 -61 -18
47 14 -81 -11
47 7 -102 18
47 17 -82 11
47 -5 -77 20
47 14 9 11
47 36 -83 -24
48 24 4 62
48 -4 6 60
48 -52 12 26
48 -34 24 2
48 -36 44 24
48 -40 50 8
48 34 22 4
48 -42 -46 46
48 -22 -66 42
48 -32 -56 48
48 40 -54 52
48 44 -46 44
48 16 -68 56
48 8 -76 -26
48 32 -56 -38
48 -34 -56 -38
49 -52 10 24
49 -30 -2 46
49 -32 -2 56
49 24 2 62
49 4 20 44
49 -34 26 6
49 42 32 34
49 40 46 20
49 52 10 30
49 -42 50 10
49 -34 42 20
49 34 22 4
49 -20 -68 40
49 -38 -48 44
49 44 -46 46
49 34 -74 36
49 14 -82 -26
49 38 -66 -32
50 -32 20 -4
50 0 -24 8
50 -54 -44 40
50 34 -64 48
50 50 20 22
50 32 22 -4
50 -36 54 4
50 36 -62 -22
51 -36 24 -8
51 -48 -46 48
51 40 -64 -34
51 32 -60 44
51 50 20 20
51 -44 4 36
51 12 -76 -26
51 0 -18 8
51 34 22 -2
51 -2 12 52
51 8 28 30
51 46 44 -8
51 -32 -64 -38
51 -10 -76 -22
51 0 -36 24
52 -2 -76 43
52 61 21 28
52 -41 -20 63
52 -37 -30 30
52 15 -9 68
53 -42 3 30
53 -3 -3 63
53 -42 -6 51
53 -30 -60 42
53 -27 -69 45
53 -42 -45 42
53 36 21 -6
53 30 -69 48
53 39 -48 48
53 33 -66 36
53 45 3 30
53 51 24 30
53 45 3 30
53 51 24 30
53 45 42 30
53 33 -3 66
53 27 -6 60
53 -48 -51 6
53 -15 -3 15
53 -15 9 3
53 -3 -18 15
54 27 -69 51
54 21 -78 51
54 39 -42 42
54 27 -6 60
54 -24 -6 57
54 6 15 54
54 -42 -51 51
54 -24 -69 54
54 -33 -54 45
54 36 21 -6
54 45 15 -3
54 -33 21 3
54 -42 15 -6
54 48 6 27
54 48 21 33
54 57 6 36
55 -31 6 47
55 -46 23 16
55 -24 17 43
55 48 60 -5
56 49 40 13
56 -26 6 45
57 -52 8 45
57 37 53 5
57 2 19 52
57 -27 -54 50
57 53 19 -20
57 -18 2 4
57 40 12 22
57 -18 -3 -12
57 56 15 42
58 -44 11 20
58 -30 -69 53
58 2 19 52
58 37 55 -7
58 -18 0 5
58 55 22 -20
58 40 12 22
58 -22 -1 -15
58 56 15 42
58 33 -4 -38
58 -59 -53 -13
58 2 -74 57
58 -41 60 -10
59 -47 11 20
59 2 21 48
59 -35 60 -7
59 37 29 -13
59 -18 4 8
59 55 22 -20
59 -8 -75 53
59 40 60 -8
60 -47 14 19
60 -34 -68 59
60 2 21 48
60 36 60 -11
60 -35 56 -13
60 55 21 -26
60 -66 -8 -3
60 -18 4 8
61 -42 9 30
61 -12 -96 15
61 42 0 57
61 0 18 51
61 -45 3 57
61 24 -66 36
61 36 -81 3
61 36 27 6
62 -24 -93 -9
62 15 -39 12
62 -18 -36 12
62 -48 -66 -21
62 63 -30 -9
62 3 9 54
62 57 -39 -15
63 -42 -84 -9
63 39 -84 -6
63 -42 12 27
63 -6 -27 -12
63 54 27 18
63 27 -72 33
63 -30 -72 33
63 57 21 6
63 -18 -30 -3
63 9 21 48
63 48 15 30
64 -24 -18 -12
64 12 -33 21
65 -30 -83 -16
65 28 -79 -17
65 -23 -83 -11
65 32 -67 -13
65 33 -85 -5
65 -23 -74 -5
65 9 -27 -10
65 -30 28 -15
65 44 21 -15
65 35 25 -10
65 -30 25 -9
65 17 -73 7
65 13 9 -1
65 -6 -18 2
65 13 -18 7
65 21 2 5
65 17 -72 12
65 48 9 23
65 -49 8 25
65 45 -30 32
65 -45 5 37
65 -25 -50 42
65 33 -73 44
65 6 21 35
65 52 6 41
65 2 13 41
65 33 -5 49
65 -33 -13 57
66 -55 12 40
66 -28 -63 65
66 -30 -64 52
66 -57 -46 14
66 -14 -1 14
66 6 26 53
66 58 19 37
66 53 45 17
66 43 -59 59
66 47 -48 42
66 10 1 9
67 -52 8 43
67 41 28 52
67 41 20 55
67 10 47 26
67 40 67 -14
68 -42 10 12
68 -29 -49 53
68 48 36 20
68 45 -45 46
69 -34 -50 48
69 48 39 20
69 -34 22 -2
69 2 22 47
69 -34 56 -17
69 -38 50 8
70 40 24 -16
70 -34 -50 48
70 -38 -69 -30
70 -30 22 -2
70 6 25 40
70 48 32 21
70 -34 50 8
71 9 38 31
71 44 -64 42
72 -52 -30 44
72 -34 -48 47
72 -53 9 29
72 -41 28 24
72 -5 24 41
72 11 20 36
72 -1 10 56
72 -51 -68 -5
73 -12 2 56
73 -48 -10 38
73 36 -16 56
73 -52 4 18
73 52 6 26
73 32 44 28
73 -44 -40 42
73 32 -48 42
73 -24 -68 36
73 28 -68 40
73 -48 -62 -14
73 40 -62 4
73 -32 -92 8
73 24 -92 8
73 -24 4 0
73 20 12 0
73 -4 -30 -6
73 -12 -78 -16
73 28 -64 -18
74 -8 2 56
74 -44 -6 44
74 40 -2 48
74 -52 8 14
74 52 8 18
74 36 44 24
74 -28 -48 42
74 40 -36 42
74 -24 -64 36
74 8 -56 50
74 16 -68 52
74 -48 -62 -14
74 48 -54 -8
74 -16 -88 26
74 16 96 -4
74 -24 8 0
74 16 16 -4
74 -12 20 -8
74 12 16 -4
74 -12 0 0
74 16 0 4
74 -16 -16 -6
74 12 -8 12
74 -12 12 -8
74 12 -16 -2
74 -36 -64 -18
74 32 -60 -18
75 -4 10 48
75 -44 -6 52
75 -16 10 58
75 20 10 54
75 -48 32 20
75 36 48 24
75 -28 -60 40
75 -20 -94 -2
75 16 -90 4
75 -24 12 -8
75 32 24 -2
75 28 -64 -24
76 4 14 44
76 -40 -16 56
76 -48 -4 8
76 -36 20 -8
76 32 26 -4
76 -48 -34 38
76 32 -44 46
76 -40 -36 60
76 56 -18 34
76 12 -68 36
76 -56 -66 4
76 48 -58 0
76 -16 -12 -6
76 20 -56 -20
76 0 -58 -8
76 24 -64 -40
76 12 -70 -20
76 8 -80 -30
77 0 28 36
77 40 32 24
77 32 52 16
77 -4 -78 -16
77 44 -64 -28
77 36 -70 -20
78 -24 -60 54
78 -33 -43 48
78 -41 -34 51
78 -44 9 24
78 -46 29 19
78 -42 9 34
78 -3 28 39
78 10 28 38
78 40 27 -19
78 42 24 -9
78 34 -54 45
78 37 -57 58
78 30 -69 59
78 -38 57 13
78 -31 -64 3
78 54 -34 52
78 -20 -90 16
78 -18 4 12
78 -58 -42 11
79 -51 28 21
79 -44 21 -7
79 -35 10 28
79 43 -47 41
79 12 37 23
79 53 38 15
79 55 27 20
79 -26 -40 46
79 -31 -65 42
79 -39 -42 44
79 40 26 -11
79 30 -74 10
79 -14 -37 22
79 42 16 21
79 42 8 24
79 -5 34 31
79 23 10 10
80 -39 -24 57
80 -24 -9 51
80 -51 -21 54
80 -54 -27 48
80 -33 6 57
80 -3 0 48
80 -45 -36 45
80 -45 -24 27
80 -12 -9 69
80 -57 6 18
80 -51 -45 24
80 -21 -69 57
80 -3 -6 57
80 -48 -21 18
80 -45 6 6
80 -3 -24 27
80 -9 -75 42
80 -54 -42 51
80 -39 45 30
80 -36 33 27
80 -6 15 30
80 33 -42 33
80 42 -45 42
80 15 18 45
80 39 -6 60
80 51 -27 45
80 -12 -21 3
80 -9 -12 3
80 24 -54 -27
80 -27 3 3
81 -34 4 63
81 -21 14 58
82 14 22 37
82 -47 -6 57
82 34 2 65
82 -18 8 66
82 -27 3 49
82 -8 19 51
82 18 -53 68
82 53 49 20
82 43 64 9
82 8 31 33
82 -2 34 29
82 -44 9 49
82 -21 10 55
82 -5 5 66
82 -2 20 51
82 12 -63 62
82 -4 -63 66
82 -34 -35 50
83 -36 -81 -12
83 42 -69 -24
83 -42 -42 45
83 -51 3 36
83 -24 -69 54
83 33 -63 54
83 -51 3 36
83 21 -66 60
83 30 -66 -27
83 30 -3 66
83 -33 -69 -24
83 -39 24 0
83 33 24 3
83 -21 0 9
83 42 36 24
83 -42 24 27
83 12 -75 -21
83 -18 -69 57
83 -51 3 36
83 24 -66 60
83 39 39 24
83 54 12 30
83 24 -63 6
83 -39 -42 -36
83 -66 -15 18
83 -33 51 18
83 -33 -39 -42
84 42 -82 -14
84 -30 -56 46
84 0 28 46
84 -34 -38 62
84 -2 -38 -2
84 30 24 0
84 32 -40 2
84 10 8 -4
84 -52 -36 -22
84 -48 22 2
85 26 12 54
85 -6 22 46
85 42 36 32
85 32 64 8
85 -34 22 -4
85 14 -68 52
85 -28 0 58
85 -48 -48 50
86 34 4 56
86 -4 14 54
86 54 22 30
86 -56 20 32
86 -41 32 -8
86 44 -54 58
87 -39 33 36
87 -30 24 -3
87 -45 27 0
87 -51 6 15
87 -24 9 24
87 36 57 0
87 51 27 33
87 51 9 45
87 30 24 -3
87 42 27 -3
87 48 12 24
87 6 24 45
87 -39 -42 48
87 42 -48 54
87 -33 9 39
87 -30 6 51
87 -36 -54 5
87 -45 -36 5
87 48 -63 -12
87 33 -60 5
87 42 -45 5
88 34 -92 20
88 -29 -70 -6
88 34 -75 -1
88 -36 48 4
88 -32 43 -8
88 -22 -70 54
88 34 -57 55
88 -58 9 37
88 25 12 51
88 36 22 52
88 14 27 10
88 -3 34 31
88 17 24 35
88 -12 -10 18
88 12 5 -10
88 -16 8 -5
88 20 8 -14
88 12 -91 -8
88 -33 -83 -13
89 -14 -96 1
89 -46 -85 7
89 8 -87 46
89 -46 55 9
89 -58 25 17
89 55 36 18
89 -42 38 -13
89 -17 -62 61
89 -35 -34 45
89 -11 23 46
89 23 1 49
89 -20 38 46
89 -46 -65 -3
89 51 -57 -6
89 -21 -6 -28
89 18 -3 -21
89 -27 -28 -6
89 12 -8 36
89 -3 30 35
89 12 21 -6
89 -16 18 7
89 -21 19 -7
89 29 -67 -17
89 -40 -79 -11
90 42 57 -12
90 -51 17 20
90 38 21 -12
90 -34 25 -13
90 -5 40 33
90 4 39 37
90 -31 -49 41
90 1 40 14
90 -31 -20 -7
90 5 -14 -7
91 40 40 28
91 -28 -12 44
91 -30 18 -14
91 -32 22 -6
91 34 -56 50
91 -44 -40 50
91 8 14 44
91 6 32 30
92 40 34 28
92 -48 -2 36
92 -34 20 -10
92 -34 22 -8
92 34 -58 50
92 -44 -40 48
92 8 10 56
92 4 16 34
93 -8 4 -56
93 -58 6 22
93 36 18 -6
93 26 -8 46
93 12 -6 12
93 -46 -4 42
93 -56 -16 28
93 24 -10 -2
93 -8 -20 -12
93 68 -12 -6
93 -58 -10 -8
93 -32 18 2
94 41 44 23
94 43 26 25
94 32 48 -10
94 6 15 50
94 -40 30 26
94 -25 62 -9
94 -42 7 37
94 33 -57 49
94 -27 -56 50
94 -36 -57 50
95 -39 12 18
95 36 9 27
95 -48 36 18
95 30 42 21
95 48 36 24
95 -45 42 -3
95 33 21 -9
95 48 24 -6
95 -33 -45 51
95 -6 -66 57
95 39 -42 36
95 36 -63 39
95 12 -75 45
95 -33 -57 33
95 -3 -54 -39
95 33 -78 24
96 -36 27 -9
96 51 27 21
96 3 -42 63
96 3 -42 48
96 45 -27 48
96 15 -57 -3
96 -24 -6 -36
96 51 -6 -24
96 -36 -33 12
97 -44 4 42
97 -22 -2 56
97 -46 32 24
97 -38 44 34
97 -16 10 48
97 -48 -20 -6
97 -64 -44 12
97 52 -36 12
97 58 -54 28
97 56 -20 0
97 -34 -32 12
97 -40 -46 38
97 56 -38 28
97 44 -28 22
97 48 -32 30
97 36 -48 34
97 -50 -22 16
97 30 -26 8
97 16 -2 14
97 -8 -12 12
97 4 -4 2
97 18 -10 10
97 12 -20 -6
97 16 -72 -38
98 -2 -69 47
98 44 43 16
98 9 -86 -14
98 48 29 32
98 2 -74 40
98 33 15 59
98 36 63 11
98 6 29 37
98 45 -50 37
98 56 31 14
99 -27 8 -23
99 -57 40 -3
99 -4 61 -15
99 18 59 -9
99 40 35 5
99 34 -14 39
99 25 21 38
99 -7 -54 23
99 25 49 -1
99 10 -42 40
99 -62 -6 -34
99 52 -15 -44
99 60 -11 18
99 32 -1 35
99 -25 -47 -35
100 2 7 60
100 -15 -2 60
100 -49 44 30
100 -9 -64 60
100 -36 -42 51
100 48 -1 63
100 -14 -87 18
100 15 -83 7
101 33 37 20
101 -41 38 24
101 -40 21 9
101 40 30 20
101 33 18 -1
101 -10 10 49
101 7 17 48
101 40 1 27
101 -29 10 60
101 -37 -55 47
101 44 44 51
101 21 -66 47
101 -48 -61 -12
101 -18 -13 11
101 10 -3 5
101 3 -66 -11
101 -29 -67 -21
101 -10 -23 28
101 7 -23 28
102 -44 22 26
102 37 37 14
102 -51 5 27
102 33 18 -1
102 -44 -45 35
102 33 -48 46
102 1 20 48
102 -10 10 49
102 33 -1 55
102 -37 -5 50
103 -19 19 64
103 -28 18 61
103 -37 3 39
103 -52 22 27
103 -37 5 62
103 -3 23 45
103 -45 7 20
103 -64 19 17
103 -63 19 -1
103 -37 33 14
103 -59 30 9
103 -59 27 -12
103 -41 -28 54
103 -40 -42 46
103 -7 -49 81
103 -28 -43 65
103 -28 -50 70
103 -33 -56 59
103 -48 -11 -18
103 -43 -6 -23
103 -70 -15 -21
103 -50 -50 -16
103 -38 -72 -30
103 -27 -79 -28
103 15 23 29
103 3 9 30
103 52 7 22
103 62 39 -13
103 60 39 -25
103 50 60 -28
103 48 60 -19
103 42 65 -16
103 76 -31 5
103 78 -22 14
103 74 -38 9
103 41 0 -31
103 47 -59 8
103 59 -38 -21
103 74 -12 -27
103 47 -34 -18
103 43 -8 -31
103 7 -91 2
103 48 8 9
103 18 -74 36
103 38 -72 -31
104 -42 -2 32
104 -34 20 4
104 36 24 4
104 36 30 -4
104 38 46 0
104 40 34 20
104 48 26 28
104 26 2 56
104 8 20 44
104 2 4 28
104 -28 -70 36
104 44 -50 48
104 16 -46 -16
104 24 -62 -24
105 -56 14 30
105 -52 -4 28
105 -12 -10 60
105 -20 -74 24
105 -30 -34 -20
105 34 36 24
105 32 28 4
105 28 -78 24
105 16 -20 10
106 -46 8 23
106 -40 34 21
106 40 39 18
106 23 7 51
106 -37 2 40
106 -6 20 45
106 1 -47 29
106 -1 37 29
106 -34 23 -3
106 36 26 -4
106 -31 -50 50
106 32 -47 50
106 -11 -68 61
106 29 -79 42
106 1 -47 53
106 -34 -75 28
106 49 -54 -5
107 -12 -52 -22
107 -2 -56 -10
107 -34 -56 52
107 40 20 8
107 42 -44 46
107 14 -80 16
107 -14 4 2
107 -32 -10 60
107 38 -48 -36
107 34 -72 48
107 -42 -86 -8
107 32 -72 34
107 -30 24 2
107 -48 2 16
107 -40 14 4
107 58 10 10
107 -30 -12 50
107 64 10 12
107 -10 -24 32
107 6 20 50
107 -2 -6 64
107 -6 6 54
107 42 42 24
107 50 0 54
107 -34 38 24
107 18 -4 68
107 42 22 38
107 -32 -84 20
107 12 -26 30
107 52 32 26
107 -40 46 22
107 48 4 4
107 -8 -20 -10
107 24 -16 72
108 -34 -94 0
108 42 -18 68
108 -24 -60 48
108 38 -28 48
108 32 -96 -6
108 10 -22 0
108 44 -16 52
108 -10 -2 56
108 2 -2 62
108 -10 -20 8
108 6 -6 68
108 -38 -14 62
108 -56 -10 50
108 -18 -10 -2
108 18 2 0
108 38 18 6
108 22 -16 74
108 -44 -30 66
108 -12 -30 30
108 -12 -26 46
108 6 -14 46
108 -30 26 0
108 46 22 2
108 2 -28 -48
108 -54 -44 8
108 -4 -32 50
109 1 12 49
109 -46 -2 39
109 35 5 44
109 28 34 18
109 41 15 22
109 56 24 10
109 50 7 10
109 60 2 36
109 41 3 24
109 48 -52 4
109 55 -63 10
109 48 -32 48
109 -36 -47 47
109 -51 -37 47
109 -25 -61 50
109 -20 -72 48
109 26 -56 53
109 6 -5 27
109 10 -14 15
109 24 -25 -3
110 1 12 50
110 50 13 38
110 -49 13 40
110 30 7 51
110 -26 6 50
110 -10 -79 22
110 18 -61 57
110 -10 -59 66
110 37 46 26
110 31 58 13
110 -39 57 7
110 24 8 8
110 38 21 4
110 -35 20 5
110 -12 -15 12
111 -56 8 20
111 -4 4 60
111 -48 -4 44
111 56 0 44
111 -24 -64 40
111 28 -48 36
111 -20 -52 -32
111 -24 -64 40
111 28 -48 36
111 -20 -52 -32
111 24 -64 -28
111 -16 -12 24
111 20 4 20
111 -52 -40 12
111 -48 -48 -24
111 32 0 48
111 40 48 28
112 -33 -45 42
112 -12 -69 48
112 15 -60 42
112 51 -30 36
112 42 -63 36
112 9 39 33
112 -45 18 21
112 -39 45 6
112 39 45 9
112 48 39 24
113 -36 -51 43
113 -45 22 23
113 39 53 6
113 2 15 48
113 -45 -1 43
113 36 -1 54
113 -20 -8 56
113 -37 -77 -11
113 -37 -68 -12
113 29 -74 -18
114 -44 -53 48
114 -45 8 37
114 42 48 7
114 -34 22 -2
114 57 19 15
114 5 15 48
114 -45 2 43
114 -40 -73 -11
114 36 -68 -13
114 -12 -83 -16
114 32 -68 -19
115 -34 54 14
115 -32 2 58
115 38 24 -12
115 -2 20 50
115 -8 -6 62
115 -36 4 30
115 6 10 26
115 -32 -58 42
115 36 -64 42
115 58 -44 8
115 -44 -62 -24
115 42 -50 -26
115 -34 -88 -6
115 -24 6 -14
115 20 -12 8
116 -24 -50 -18
116 -4 -80 -2
116 46 24 -2
116 -40 20 -2
116 48 30 4
116 34 46 36
116 12 -82 36
117 4 -40 -6
117 10 -96 -6
117 42 -70 -6
117 -18 -94 -6
117 44 26 0
117 56 -50 32
117 8 -98 0
117 -12 -98 0
117 26 -26 6
117 -52 -44 0
117 46 -52 6
117 -44 -30 6
117 36 -86 6
117 44 48 32
117 -6 -62 32
117 16 -78 32
117 6 4 -6
118 -55 -26 12
118 -32 45 12
118 9 40 12
118 12 60 36
118 -12 67 14
118 14 -20 14
118 22 2 16
118 14 -78 34
118 -8 -60 32
118 35 -14 48
118 -38 -12 46
119 40 27 10
119 40 24 24
119 32 -1 35
119 41 -39 39
119 -33 -48 46
119 -46 -35 44
119 40 21 -7
119 53 -51 4
119 40 59 -7
119 49 41 22
119 -51 17 4
119 49 -39 43
119 -54 -39 45
120 31 30 1
120 -51 17 4
120 40 53 12
120 -38 31 20
120 -46 11 35
120 45 12 38
120 -12 -8 14
120 6 29 33
120 49 -43 44
120 -24 -56 46
121 -25 -56 -3
121 -42 31 20
121 -29 -1 41
121 41 -1 40
121 -37 -56 51
121 -25 25 -2
121 36 25 -3
121 -34 47 0
121 44 36 18
121 -42 31 20
121 -46 11 31
121 1 33 37
121 45 -47 44
121 -28 -52 46
122 -34 47 5
122 49 36 18
122 45 29 32
122 -46 7 31
122 -3 33 33
122 -33 -52 46
123 -42 -67 -4
123 51 -63 2
124 -39 20 28
124 36 35 28
124 -25 -4 54
124 29 -5 51
124 -5 24 39
124 10 18 35
124 -5 4 50
124 12 2 42
124 -51 9 29
124 37 -30 43
124 -46 -42 42
124 -37 -44 46
124 -28 -63 41
124 37 -43 46
124 -18 -67 42
125 -46 26 -6
125 -40 56 14
125 -44 30 8
125 -26 32 8
125 54 6 46
125 -40 2 32
125 0 20 48
125 -18 -16 -20
125 -18 -4 -20
125 -32 -30 -8
125 34 -46 -4
125 -50 -50 52
125 -42 -54 -28
125 -2 -82 -30
126 -15 67 9
126 -48 19 43
126 28 42 -16
126 45 17 21
126 -45 34 31
126 48 49 21
126 2 17 56
126 -42 5 37
126 18 14 63
126 -28 -65 47
126 42 -61 49
126 -29 25 7
126 41 25 9
127 49 14 36
127 50 38 21
127 43 34 11
127 59 14 22
127 -21 -6 56
127 33 0 60
127 -44 -4 50
127 45 2 56
127 -47 1 42
127 52 11 36
127 -4 12 54
127 6 15 55
127 36 19 8
127 -30 27 1
127 -18 -62 65
127 32 -62 55
127 -39 -38 45
127 39 -52 45
127 -15 -64 59
127 -20 -72 42
127 29 -65 38
127 -24 -93 10
127 29 -91 4
127 -42 -78 -7
127 -42 -61 -6
127 44 -62 -12
127 -24 -82 23
127 38 -82 22
127 -21 -81 40
127 41 -78 2
127 12 -87 0
127 -7 -24 -1
127 9 -21 1
127 -42 38 19
127 -49 27 25
127 -55 22 2
127 -53 -34 45
127 -51 -64 0
127 58 -48 -17
127 -46 -52 -12
127 56 -49 -18
127 -53 -50 -8
127 54 -51 -2
128 -55 19 -4
128 -36 -69 -17
128 -42 4 35
128 -36 24 21
128 -34 10 -31
128 -28 -49 -46
128 -30 -19 -24
128 -4 23 34
128 42 -63 -20
128 40 -72 -18
128 46 -58 -32
128 0 7 64
128 28 -21 -26
128 36 -45 -47
128 36 -62 -41
128 48 -6 32
129 -20 -28 36
129 13 -29 30
129 13 36 22
129 -9 -17 11
129 -22 -57 3
129 42 -52 -4
129 39 -49 -8
129 -44 -44 -36
130 -36 10 42
130 -5 -3 38
130 47 -7 38
130 -38 -10 38
130 31 -48 34
130 -9 1 26
130 13 18 26
130 42 6 26
130 23 -23 26
130 -31 -23 23
130 -47 11 24
130 38 22 23
130 54 14 19
130 -43 27 15
130 43 34 12
130 16 14 12
130 38 -3 7
130 -58 -26 1
130 -36 6 -4
130 46 24 -4
130 -9 -61 -8
130 -3 -7 -11
130 13 7 -12
130 -31 18 -12
130 -21 -56 -21
130 -43 -28 -21
130 42 14 -21
130 31 -11 -24
130 4 -21 -26
130 38 -26 -31
131 -40 20 4
131 -50 14 0
131 48 6 2
132 44 6 38
132 -42 24 -4
132 48 20 24
132 -28 -64 50
132 -46 -30 48
133 -34 60 3
133 -29 49 22
133 -46 7 31
133 45 11 25
133 6 9 53
133 -11 -76 17
133 -42 -66 -11
133 44 -91 -5
134 -38 56 8
134 -33 49 23
134 58 28 23
134 -46 7 31
134 45 11 29
134 -37 46 36
134 62 16 38
134 2 5 53
134 6 21 43
134 49 1 53
134 54 -16 59
134 -33 21 3
134 36 25 -3
134 -7 -12 10
134 10 -12 10
134 -28 -55 60
134 24 -58 68
135 31 62 9
135 -19 54 -3
135 49 23 10
135 -45 20 12
135 36 41 23
135 -39 33 25
135 39 14 46
135 -36 21 43
135 23 17 59
135 -18 24 53
135 7 17 60
135 -3 9 56
135 39 -8 53
135 -35 -7 56
135 46 -15 45
135 -45 -43 46
135 36 -62 46
135 -34 -62 37
135 19 -71 59
135 -16 -70 56
135 8 -62 54
135 -7 -71 55
135 56 -62 -9
135 -59 -49 -14
135 54 -42 -2
135 -51 -50 3
135 33 -83 24
135 -32 -75 12
135 32 -66 -12
135 -7 -67 0
135 6 -82 19
135 -7 -83 27
136 31 47 -15
136 -4 69 7
136 -46 17 14
136 41 22 26
136 -44 37 26
136 25 45 49
136 -38 12 42
136 21 24 55
136 -7 17 54
136 4 21 52
136 -1 15 58
136 -42 -9 44
136 -46 -40 48
136 38 -39 41
136 -33 -53 37
136 20 -74 52
136 -22 -63 47
136 13 -67 62
136 -55 -31 -27
136 -42 -10 -7
136 32 -79 33
136 23 -85 -14
136 -39 -57 -29
136 -6 -82 25
137 -63 -48 -3
137 -51 -45 0
137 -57 -15 3
137 -60 0 9
137 12 -63 54
137 6 -51 57
137 -18 -51 -30
137 -27 -48 -30
137 -9 -54 54
137 -18 -60 63
137 -54 -42 24
138 -26 2 44
138 53 8 14
138 -30 21 -8
138 22 33 -8
138 34 29 -5
138 44 32 17
138 -6 3 55
138 16 -62 47
138 -20 -59 55
138 53 -57 -14
138 -48 -57 -11
138 -16 -6 -6
138 14 -6 -6
139 35 30 34
139 38 12 52
139 34 -62 57
139 56 -41 55
139 -40 -66 -46
139 -49 10 25
139 -16 4 1
139 22 8 10
139 2 26 42
139 30 6 65
139 11 1 66
139 -2 -62 58
139 -31 -96 -1
139 -46 -73 -18
139 23 -62 5
139 19 -93 -5
139 53 -80 -10
139 -25 -70 -21
139 3 -33 -8
139 -12 -61 -51
139 -38 -70 -47
139 -2 -86 -42
140 0 16 46
140 52 -2 42
140 2 4 56
140 0 6 54
140 2 -20 12
140 14 -76 56
140 44 -58 -20
140 -40 42 24
140 36 -48 -26
140 48 0 26
140 32 -48 44
140 28 -64 30
140 60 -30 -2
140 -34 26 4
140 -56 0 38
140 -22 -66 54
140 48 16 -8
140 0 16 8
140 -28 0 60
140 -48 14 -6
140 -36 -40 40
140 50 28 28
140 -44 0 34
140 40 46 30
140 2 -46 10
140 28 6 52
140 -50 2 24
140 22 -2 50
140 -20 -34 -32
141 -46 5 23
141 -52 -3 44
141 -39 -35 43
141 -46 -37 23
141 -4 10 55
141 -62 -3 14
141 -17 3 12
141 -17 -16 14
141 55 -3 38
141 18 14 11
141 28 -66 -15
142 -53 8 22
142 -49 -3 44
142 -49 -32 43
142 -49 -41 27
142 -34 22 -3
142 -46 35 3
142 -4 14 55
142 -17 -1 -1
142 -14 -12 14
142 -30 -66 -18
142 54 11 17
142 39 -34 45
142 18 13 11
142 15 -13 13
142 35 -60 -19
143 -26 -4 58
143 -48 40 20
143 50 -8 52
143 40 44 36
143 -48 6 28
143 48 4 26
143 -22 -68 42
143 18 -68 58
143 -24 -68 42
143 -56 -22 38
143 28 -50 52
143 -52 -2 34
143 46 2 32
143 -8 6 46
143 2 8 52
143 -12 16 -2
143 22 20 14
143 -24 10 8
143 24 4 10
143 -14 -16 12
143 12 -10 8
143 -22 -68 30
143 22 -62 34
144 -48 6 52
144 -52 12 44
144 36 34 36
144 44 6 38
144 -52 14 28
144 38 4 34
144 -28 -62 40
144 48 -42 46
144 -26 -60 44
144 -54 -2 44
144 48 0 34
144 -6 6 54
144 2 12 52
145 52 48 -3
145 -6 50 26
145 16 44 43
145 52 28 -22
145 -30 18 -14
145 20 8 38
145 -44 -2 -40
145 -56 -4 -12
145 -42 -4 22
145 58 -14 -2
145 -8 -18 38
145 38 -22 6
145 -28 -26 -18
145 -43 -24 58
145 -50 -30 21
145 48 -30 20
145 -20 -30 44
145 64 -30 42
145 -24 -38 58
145 14 -62 -39
145 -56 -60 28
146 7 75 6
146 -9 70 22
146 6 62 -8
146 -24 36 56
146 -22 20 -36
146 -18 8 4
146 22 6 -2
146 66 -6 -16
146 62 -6 6
146 50 -4 47
146 -44 -12 42
146 23 -18 -18
146 -22 -22 -26
146 2 -38 42
146 -62 -58 -16
146 19 -50 74
146 -60 -62 -2
146 -10 -62 22
146 -52 -70 32
146 36 -82 12
146 -28 -86 22
147 35 28 0
147 -30 26 6
147 -42 24 20
147 -4 12 54
147 14 -63 -43
148 -45 30 27
148 -42 48 12
148 -48 6 33
148 -18 -3 45
148 -30 -3 60
148 33 36 24
148 33 54 18
148 0 18 48
148 -9 9 54
148 24 0 57
148 27 30 3
148 -39 -51 39
148 -24 -75 51
148 -12 -75 54
148 39 -51 -3
148 -36 -60 -3
148 -42 -54 -24
148 -39 -69 -30
148 -39 -27 -21
148 30 -93 -9
148 -27 -93 -9
148 -18 12 0
148 -18 -3 12
148 -12 -3 24
148 18 12 -9
148 -21 -36 0
148 -15 -30 9
148 24 -33 0
148 18 -33 6
148 39 -69 -30
149 -3 12 57
149 -9 15 45
149 9 18 36
149 -30 21 -3
149 42 24 0
149 -30 -90 -15
149 27 -96 -9
149 36 -87 -9
149 -3 -24 -12
149 -3 -30 -6
149 6 -27 -9
149 -18 0 3
149 -18 -3 -9
149 -18 -3 15
149 -6 -9 -3
149 18 12 -3
150 14 36 46
150 22 36 36
150 -18 46 0
150 -4 30 4
150 -6 24 -14
150 -16 32 32
150 -30 24 46
150 -18 24 46
150 64 -10 -14
150 60 -24 -2
151 -33 30 -3
151 -44 12 27
151 53 20 27
151 42 45 23
151 9 26 40
151 -59 -43 4
151 54 -28 -1
152 -40 -48 40
153 -28 21 4
153 38 23 -6
153 -42 11 24
153 52 21 26
153 3 13 50
153 -23 -4 57
153 -28 -61 46
154 -29 33 0
154 -45 21 21
154 45 15 29
154 -32 46 13
154 5 10 56
154 -38 -6 54
154 1 -25 24
154 -63 -15 6
154 63 -9 -6
154 -35 -41 35
154 1 -77 -18
155 -24 24 10
155 37 26 7
155 -24 63 10
155 -44 10 44
155 -1 11 45
155 2 67 7
155 -57 -9 -3
155 63 -9 -6
155 -36 -36 38
155 -8 -85 6
156 -32 27 0
156 39 29 -2
156 -51 24 25
156 52 33 26
156 5 28 44
156 -59 -17 1
156 53 -28 1
156 -43 -47 44
156 48 -42 46
156 -2 -77 -29
156 20 -68 24
156 -8 -85 2
156 16 -81 4
156 14 -93 -46
157 -41 17 -7
157 40 22 -4
157 -53 17 28
157 55 22 25
157 9 28 36
157 -64 -15 -6
157 57 -17 -5
157 -36 -52 44
157 45 -53 42
157 -7 -78 -21
