95.675894
95.828491
95.983146
96.139909
96.298828
96.459952
96.623332
96.789022
96.957077
97.127553
97.300508
97.476002
97.654099
97.834863
98.018361
98.204664
98.393841
98.597887
98.792974
98.991162
99.206023
99.410568
99.633210
99.860026
100.091127
100.309209
100.531015
100.775161
101.024082
101.277911
101.536784
101.800836
102.070222
102.345087
102.625586
102.911879
103.204137
103.502533
103.807242
104.118455
104.436375
104.761204
105.093154
105.455203
105.801696
106.155994
106.518346
106.889018
107.345120
107.814437
108.297353
108.794279
109.355748
109.915363
110.495154
111.124157
111.779806
112.463595
113.196351
113.962801
114.765214
115.606052
116.488071
117.414419
118.388738
119.415290
120.499119
121.873880
123.422700
125.113935
126.959169
128.973015
131.174190
133.586677
136.241416
139.287809
142.661913
146.418358
150.622445
155.347219
155.826295
161.469498
161.939943
168.759638
169.217723
177.599012
178.039837
188.887496
189.307295
203.642018
204.085022
204.593571
228.922770
229.353014
259.040208
259.418310
295.653874
295.996494
339.616245
339.874666
392.532465
392.719357
392.919209
393.359075
393.517293
465.885358
529.963601
530.110545
530.179640
600.371305
600.473063
600.507499
674.869277
676.001931
676.173702
881.254360
1551.257776
