-24.962257
-31.097383
29.496411
-87.502810
-13.843562
3.498780
-14.396816
-22.258041
45.003316
19.311592
-12.532380
-15.750192
19.753847
-158.678647
-0.508795
-6.130954
16.299942
-105.759396
14.545656
-9.978116
-12.153522
-30.878028
36.170743
-45.822957
-30.485036
-7.141979
-6.807689
-4.133412
-29.390895
-8.452139
4.113974
-13.015761
-6.036997
-13.785968
8.164712
1.648829
-23.164172
-5.524464
-12.766991
-14.862616
-7.944867
-10.285903
-2.522924
-2.313058
28.817761
-17.618605
-53.363954
-13.004004
-66.755069
-9.458352
1.697293
-12.767697
18.743891
-10.479629
-16.544013
-5.723302
-4.215591
-22.112949
-5.742583
5.957201
-7.430071
6.143772
-9.139597
0.134983
-1.311049
11.981886
-36.009001
-17.032442
-4.643079
-16.892944
-2.402834
-10.568842
-10.090903
-27.153537
6.998919
17.393520
-7.887386
0.514851
-7.985325
-4.556721
-4.094666
5.877713
-10.321559
-31.348634
-14.381080
-11.148345
-15.219659
-10.627917
-40.014079
-30.739133
-11.461015
-19.359035
-0.881069
-97.419492
31.478934
-59.539869
60.271633
-314.132518
-288.560961
10.934862
0.192833
5.642929
2.601619
-14.034481
-5.408380
-21.072775
-3.006843
-40.365413
28.108908
-29.549156
-9.081041
-0.817201
-4.626349
-7.163535
4.273541
-17.230512
-34.036532
-7.246649
-7.908644
-14.692668
-6.535245
-13.791078
-10.642518
-17.005709
6.753255
-16.267331
0.177854
-7.069790
-8.790633
-7.516141
-7.186319
1.324216
-18.628963
-6.071734
-15.640082
-7.607569
-8.055586
-4.806887
-15.638713
-7.849863
-1.148318
6.070138
-5.634140
-6.208672
-9.932736
0.362753
-10.899947
-26.549094
-10.913302
0.904935
-6.678059
-16.832626
1.723628
24.439092
-24.952970
13.914390
-42.936310
19.980394
44.164708
241.024217
-1220.482157
-98.199140
4.947155
-45.463466
6.227842
-71.188851
31.088502
-11.603322
6.044920
0.186656
-8.343698
-8.050447
12.982254
-25.388562
-8.090339
-20.586066
-17.810998
-7.756235
6.444136
6.647767
-21.259325
4.820356
-10.142967
-0.277654
2.853629
-5.368366
-11.179313
-3.804297
-13.568577
-12.581214
-12.372395
-9.753030
-15.729039
-7.343785
-4.849280
-24.572361
-2.510391
-2.924118
-9.273374
-10.800162
3.272620
-18.261158
-4.183901
-9.433564
-23.615885
-2.824774
-8.410334
-19.541968
-1.796838
-6.311665
12.709461
-22.778763
-6.092913
2.592955
-15.163745
-49.863985
16.108382
-28.431054
14.470306
-67.174833
-10.237895
-488.269525
-460.284266
-31.496122
-7.262159
-16.976338
-31.837319
-13.098177
-7.117112
-7.116200
0.594475
10.231061
-34.389114
-49.649971
3.889887
-8.846200
-4.870369
-12.410835
-25.458157
6.659088
-14.456762
9.355555
-6.885063
3.594555
-7.963562
-7.441024
8.630185
-28.354274
-4.320161
-2.897629
-16.095585
-19.853162
-3.950836
-7.291633
-24.800659
22.404971
-4.207742
-9.156788
16.779131
-6.404982
-3.792198
19.593474
-33.571096
-30.523293
-1.173329
-5.156337
-32.892837
-6.387448
-0.354903
0.459252
-4.071288
-15.125621
-4.029761
-5.877172
-16.484254
-5.052666
-0.875223
11.787766
-25.139598
-41.527353
-3.573454
-15.119903
-2.051319
-35.893309
31.266574
22.969184
-2.469332
-1.673690
-13.551300
22.577643
-79.057401
-37.669571
-12.511275
-8.094143
-32.397392
5.037650
-11.999957
-11.707179
-63.478604
6.765258
-38.090417
12.298830
-128.238957
-16.216003
14.590825
-31.898599
79.688317
-41.733475
-25.651390
7.388757
-138.060082
