0.000000
0.042314
0.085096
0.128354
0.172100
0.216345
0.261098
0.306371
0.352175
0.398523
0.445426
0.492896
0.540947
0.589593
0.638848
0.688726
0.739242
0.800912
0.852600
0.904971
0.968784
1.022404
1.087679
1.153629
1.220270
1.276358
1.333250
1.402444
1.472406
1.543157
1.614720
1.687116
1.760370
1.834505
1.909545
1.985514
2.062441
2.140351
2.219268
2.299226
2.380255
2.462383
2.545641
2.628717
2.714319
2.801144
2.889224
2.978593
3.068704
3.160131
3.252906
3.347062
3.439874
3.533545
3.628963
3.724946
3.822389
3.921346
4.024892
4.129971
4.236642
4.344958
4.454971
4.566735
4.680299
4.795716
4.913038
5.031423
5.153493
5.277766
5.404308
5.533183
5.664458
5.798197
5.934464
6.072950
6.214155
6.358137
6.504948
6.654615
6.810503
6.965544
7.126834
7.287356
7.453947
7.619928
7.791686
7.962910
8.139530
8.315481
8.494411
8.672509
8.853747
9.038374
9.222517
9.407337
9.589677
9.768752
9.947029
10.119868
10.289305
10.452542
10.606598
10.753538
10.892370
11.020426
11.138649
11.246508
11.344480
11.433863
11.512290
11.582540
11.645262
11.701095
11.750668
11.794866
11.834408
