-147375.959656
-144723.171677
-142096.574951
-139496.553877
-136923.740297
-134377.410857
-131858.186947
-129365.565527
-126899.869619
-124461.470854
-122049.959201
-119664.600682
-117306.390991
-114974.532682
-112669.297546
-110391.136217
-108139.561872
-105914.732242
-103716.886413
-101546.330331
-99401.925272
-97284.474609
-95193.589828
-93129.521771
-91092.287927
-89082.405016
-87099.094368
-85142.275009
-83212.163384
-81308.699211
-79432.390304
-77581.855302
-75758.928765
-73962.989759
-72193.876827
-70451.379799
-68735.908276
-67048.101704
-65386.297469
-63750.269432
-62141.728219
-60560.199442
-59005.720263
-57477.719655
-55976.648608
-54502.971963
-53056.096867
-51635.593443
-50241.046719
-48873.372078
-47532.573263
-46218.656128
-44931.220722
-43671.221460
-42437.971196
-41231.235470
-40051.398295
-38898.453723
-37772.249844
-36672.963802
-35600.597313
-34555.152404
-33536.630611
-32545.032522
-31580.357427
-30642.602949
-29731.764819
-28847.078886
-27989.077811
-27158.002927
-26353.846464
-25576.593854
-24826.225097
-24102.717690
-23406.039447
-22736.118987
-22092.966647
-21476.516190
-20886.964225
-20323.784691
-19789.638496
-19279.342822
-18797.938684
-18340.070824
-17911.058000
-17504.968482
-17127.451206
-16772.118683
-16444.976671
-16139.087712
-15860.738537
-15606.226004
-15369.944253
-15160.928748
-14970.008999
-14803.511542
-14653.958244
-14526.095337
-14413.499661
-14319.514765
-14238.403183
-14172.764026
-14119.135214
-14075.968462
-14041.815986
-14013.568276
-13992.309680
-13976.853844
-13965.418584
-13956.650648
-13950.682270
-13946.496785
-13943.363436
-13941.416535
-13940.152458
-13938.997845
-13938.100135
