62.302335
935.200038
1667.769754
2697.413022
3616.914449
4294.445151
4793.119914
5139.604345
5355.928306
5485.601913
5564.779061
5616.129091
5652.571914
5681.163936
5705.670521
5728.074673
5749.419096
5770.264110
5790.928692
5811.607587
5832.417132
5853.403510
5874.538871
5895.724258
5916.807982
5937.615674
5957.980690
5977.764879
5996.866499
6015.218167
6032.779824
6049.530867
6065.463660
6080.579116
6094.884111
6108.390225
6121.113227
6133.072884
6144.292806
6154.800175
6164.625308
6173.801069
6182.362177
6190.344468
6197.784183
6204.717296
