5.633153
13.171392
-10.024349
-194.366418
392.492638
-1273.808417
-179.072555
42.884547
-27.493607
46.922017
-105.876510
300.803643
49.811453
-29.136093
4.612181
-45.116362
60.417439
-171.901899
33.521455
14.760866
1.616428
-0.151717
-28.183157
13.962893
74.446322
-83.379797
-134.704974
274.442381
-694.773405
571.586817
-125.990188
728.325661
-464.526698
1198.943428
379.925869
-238.531495
-377.379754
81.237992
123.913029
-34.789922
-5.591967
54.486733
-122.271891
384.262928
-578.927106
6.982761
-12.015127
-0.498142
-28.344321
18.188433
-79.658606
666.697774
40.605256
-4.496642
-4.169213
-6.493802
8.818086
-13.455442
-5.898905
-361.458324
74.005445
-55.315944
-3.810780
-14.800203
-9.965168
-23.021947
4.301633
179.251472
-51.499007
12.761612
8.910903
0.482495
-16.215295
25.590779
-25.905365
-264.429227
-106.165289
1.280730
-54.827818
28.392663
-56.561183
-48.527025
110.522851
-53.726474
-20.710053
-287.942061
-417.847467
416.718673
497.682238
-59.471881
-27.731468
51.362215
-116.392721
784.251301
-81.557594
-8.659244
-4.494966
-27.874579
30.368031
-181.151883
50.213660
-9.648085
-0.189123
-1.144731
4.564997
-10.586608
17.198685
-211.985548
-11.305863
-9.786640
1.210118
-3.009967
-9.113334
5.829824
-11.979745
50.896045
-17.209136
-10.448341
-2.219839
-5.386035
-4.925386
1.922833
-15.628824
-37.665896
12.060293
4.810307
-5.732137
-8.061553
-8.834304
-2.738629
-0.898481
53.654999
-231.346090
-7.422843
-3.390938
-1.738283
-6.747256
-5.184812
2.888496
-211.354694
49.312613
-19.349263
9.252843
-0.213295
4.578060
-14.948101
-507.434820
58.781761
-42.738683
-30.606796
32.764544
-139.909387
-930.840686
448.992993
32.550851
166.896949
-410.695548
7.615148
6.976510
-28.872159
44.933525
-439.336762
-574.890592
-9.440867
16.286268
-7.463456
9.828055
-14.194033
51.273596
-685.748042
-66.655545
19.179499
-9.467210
0.696972
-5.227228
1.906395
0.440672
1.784155
3.919952
-7.705333
2.859180
-6.060665
-2.419230
-1.876755
-2.477962
-9.545041
-9.009852
7.294923
-9.088455
0.859327
-0.520581
-7.503575
4.326202
-5.804888
-2.262408
-12.061996
4.472292
-0.628077
2.478658
-0.623162
-5.248690
-14.313501
57.809390
-4.348010
1.360524
-5.777886
-5.409218
1.217337
-3.445147
1.883699
-245.397006
-18.678481
-6.498204
-3.212396
1.956208
-12.152563
10.098904
-76.659532
170.620911
-16.611668
0.892350
-7.171484
-6.552878
11.155705
428.587961
-205.343568
-32.707679
8.285468
157.000171
-32.849272
-8.890969
12.605947
-37.738293
-16.746883
18.189870
-45.357959
-7.139841
0.695377
-11.799637
17.510199
-82.011277
245.005499
9.487883
-11.443592
1.405722
-4.420864
-0.987650
-8.060249
3.161834
-36.740607
-13.393005
6.224315
-12.571618
-1.869857
-4.402499
-8.959794
3.738111
-1.998168
-0.094938
-5.996208
-3.775152
-4.224893
-0.014202
-8.797254
-0.373582
-11.080529
-18.155911
4.872087
-6.744241
-3.149412
-9.466578
2.607334
-4.534967
13.685448
-62.341029
7.076913
-5.739093
-1.951305
-2.327528
-6.674914
9.688860
-46.668978
-385.937010
11.770349
3.575598
-1.201421
-4.915942
9.968092
-28.045116
-188.359390
-230.097795
19.283916
-17.689360
4.028947
-16.853574
-10.167562
-566.563754
232.159865
77.756374
-136.490352
-27.161614
3.577002
-37.261896
-86.255467
47.592161
3.369627
-12.419357
7.254239
-24.193844
65.186324
-123.477979
-9.979751
0.934539
-1.113013
-2.202136
7.548443
-17.778929
-41.881035
23.667319
-8.705609
13.007297
-5.686630
-2.426701
8.182845
-6.428984
-3.164917
-32.151422
4.716420
-6.787324
-4.477846
-8.809743
0.254720
-2.301084
-6.505424
23.055154
-0.597878
3.183251
-0.655366
6.889291
-7.124750
16.930022
-68.110938
-159.893558
10.493071
-10.026679
2.723578
-1.368340
-2.794804
-14.000143
-104.395641
-123.973125
30.141815
-27.242156
9.103298
-26.955894
5.169920
-176.580758
58.543466
-37.370435
-16.607135
3226.550249
-1086.619162
-1331.820755
2821.536040
-517.818031
-213.111081
24.462510
-86.077636
-10.433171
-434.847192
1651.900707
-175.937135
34.186755
-6.413796
17.470894
-17.431792
-54.814226
540.573122
-529.941614
32.484116
-27.835289
2.087842
-12.904869
-2.238607
-2.994197
-104.081845
245.242894
-36.116342
11.593601
-9.501329
1.230576
0.117192
-23.166580
70.041762
-563.577091
4.926404
-7.776159
6.575246
-6.314302
7.780045
-16.789095
-363.105821
-115.693610
-18.351108
-26.408442
-6.773550
-48.404544
-69.578661
-80.535325
71.302925
-65.731505
122.098097
-244.422848
-97.218189
-650.872411
-119.337194
31.156727
-28.410190
-9.386062
-72.229849
5.344680
13.677719
-14.547415
-5.309154
-2.800016
6.273729
-69.250722
-148.363967
24.940402
-9.660213
-2.667797
-25.442383
84.495855
103.689573
-113.641754
3.804390
-24.933569
-5.683814
-379.096714
117.442910
16.771397
-7.539308
142.768748
