-60781.627598
-56457.086889
-55073.079879
-54871.958888
-54835.297050
-54831.871072
-54831.507254
-54831.070886
-54831.109542
-54831.301060
-54831.442528
-54831.525353
-54831.567407
-54831.584895
-54831.588853
-54831.585972
-54831.579981
-54831.572788
-54831.565271
-54831.557807
-54831.550571
-54831.543699
-54831.537342
-54831.531646
-54831.526723
-54831.522616
-54831.519289
-54831.516655
-54831.514596
-54831.512998
-54831.511760
-54831.510803
-54831.510068
-54831.509514
-54831.509109
-54831.508832
-54831.508664
-54831.508589
-54831.508594
-54831.508665
-54831.508791
-54831.508960
-54831.509161
-54831.509386
-54831.509626
-54831.509876
