-60184.602075
-55860.061365
-54379.236030
-54089.600434
-54006.279084
-53984.192805
-53977.806169
-53974.930452
-53973.323215
-53972.395883
-53971.823340
-53971.439630
-53971.160712
-53970.943213
-53970.764162
-53970.610973
-53970.476428
-53970.356127
-53970.247219
-53970.147763
-53970.056427
-53969.972313
-53969.894837
-53969.823616
-53969.758366
-53969.698819
-53969.644675
-53969.595580
-53969.551142
-53969.510946
-53969.474581
-53969.441652
-53969.411797
-53969.384690
-53969.360039
-53969.337592
-53969.317122
-53969.298433
-53969.281353
-53969.265726
-53969.251416
-53969.238301
-53969.226270
-53969.215224
-53969.205074
-53969.195737
