-8294.407893
-8068.897749
-7979.383098
-7928.932568
-7890.700849
-7860.396783
-7834.458651
-7812.171947
-7792.492185
-7775.019294
-7759.288966
-7745.040356
-7732.024871
-7720.071969
-7709.032230
-7698.791442
-7689.252018
-7680.334711
-7671.971789
-7664.106256
-7656.688955
-7649.677580
-7643.035249
-7636.729735
-7630.732662
-7625.018963
-7619.566375
-7614.355064
-7609.367289
-7604.587134
-7600.000273
-7595.593773
-7591.355930
-7587.276121
-7583.344678
-7579.552782
-7575.892369
-7572.356043
-7568.937010
-7565.629010
-7562.426264
-7559.323427
-7556.315539
-7553.397995
-7550.566506
-7547.817072
-7545.145954
-7542.549654
-7540.024891
-7537.568584
-7535.177837
-7532.849920
-7530.582261
-7528.372431
-7526.218134
-7524.117199
-7522.067566
-7520.067286
-7518.114506
-7516.207468
-7514.344500
-7512.524012
-7510.744489
-7509.004489
-7507.302637
-7505.637620
-7504.008185
-7502.413138
-7500.851334
-7499.321681
-7497.823133
-7496.354689
-7494.915391
-7493.504321
-7492.120598
-7490.763379
-7489.431855
-7488.125249
-7486.842814
-7485.583836
-7371.495187
-7348.527178
-7344.985136
-7337.740034
-7334.734143
-7330.826481
-7328.307410
-7267.228939
-7265.009884
-7239.284210
-7238.529421
-7224.642538
-7224.282613
-7215.693897
-7215.510017
