114.188982
113.294167
113.909834
114.394221
114.940317
115.437007
115.926983
116.388458
116.834694
117.261900
117.674670
118.072903
118.458543
118.832173
119.194854
119.547221
119.889990
120.223722
120.548966
120.866200
121.175867
121.478371
121.774080
122.063336
122.346451
122.623714
122.895393
123.161737
123.422974
123.679321
123.930979
124.178134
124.420964
124.659635
124.894302
125.125113
125.352208
125.575718
125.795769
126.012480
126.225964
126.436329
126.643677
126.848107
127.049712
127.248581
127.444799
127.638449
127.829608
128.018352
128.204750
128.388873
128.570786
128.750551
128.928230
129.103879
129.277554
129.449309
129.619194
129.787259
129.953550
130.118112
130.280989
130.442223
130.601853
130.759918
130.916455
131.071498
131.225084
131.377243
131.528008
131.677409
131.825476
131.972236
132.117717
132.261945
132.404945
132.546741
132.687357
132.826816
1813.054340
1813.105879
1813.117946
1813.141512
1813.155501
1813.172008
1813.185301
2566.904421
2566.911249
3291.923936
3291.926408
3946.641557
3946.642764
4519.025451
4519.026106
