-9404.383578
-9154.567789
-9070.235033
-9022.374931
-8988.443359
-8961.586554
-8939.176073
-8919.947487
-8903.147976
-8888.272735
-8874.959395
-8862.937813
-8852.001068
-8841.987417
-8832.768197
-8824.239498
-8816.316242
-8808.927905
-8802.015371
-8795.528584
-8789.424772
-8783.667084
-8778.223544
-8773.066216
-8768.170556
-8763.514885
-8759.079964
-8754.848651
-8750.805610
-8746.937077
-8743.230660
-8739.675170
-8736.260474
-8732.977378
-8729.817517
-8726.773261
-8723.837641
-8721.004273
-8718.267301
-8715.621340
-8713.061431
-8710.582996
-8708.181805
-8705.853938
-8703.595760
-8701.403892
-8699.275190
-8697.206721
-8695.195749
-8693.239712
-8691.336216
-8689.483010
-8687.677984
-8685.919154
-8684.204651
-8682.532713
-8680.901679
-8679.309978
-8677.756125
-8676.238713
-8674.756410
-8673.307951
-8671.892136
-8670.507823
-8669.153926
-8667.829413
-8666.533297
-8665.264638
-8664.022542
-8662.806150
-8661.614644
-8660.447241
-8659.303192
-8658.181778
-8657.082312
-8656.004134
-8654.946611
-8653.909135
-8652.891123
-8651.892013
-8482.643595
-8475.144876
-8471.772572
-8469.735130
-8468.243993
-8467.077924
-8466.128756
-8426.110830
-8425.900675
-8410.075598
-8410.037876
-8402.035932
-8402.024727
-8397.703486
-8397.699456
