86.023783
86.155646
88.208626
88.972498
90.448166
91.214988
92.386935
93.120947
94.102339
94.799750
95.651289
96.311881
97.068525
97.693381
98.377355
98.968410
99.594854
100.154479
100.734184
101.264884
101.805788
102.310013
102.818105
103.298156
103.778057
104.236050
104.691399
105.129251
105.562968
105.982408
106.396876
106.799454
107.196652
107.583760
107.965353
108.338235
108.705641
109.065414
109.419855
109.767520
110.110057
110.446512
110.778078
111.104131
111.425544
111.741924
112.053914
112.361275
112.664490
112.963425
113.258447
113.549492
113.836843
114.120483
114.400635
114.677310
114.950688
115.220800
115.487791
115.751704
116.012660
116.270707
116.525948
116.778434
117.028254
117.275458
117.520123
117.762302
118.002060
118.239448
118.474526
118.707340
118.937947
119.166389
119.392716
119.616971
119.839198
120.059438
120.277731
120.494116
120.708629
120.921307
121.132184
121.341294
121.548669
121.754340
121.958339
122.160693
122.361433
122.560584
122.758174
122.954230
123.148775
123.341835
123.533434
123.723593
123.912337
124.099687
124.285663
124.470287
124.653579
124.835558
125.016244
125.195655
125.373810
125.550726
125.726420
125.900910
126.074212
126.246342
126.417316
126.587149
126.755857
126.923455
127.089956
127.255375
127.419726
284.459444
284.636069
284.669020
284.783587
392.807958
392.836692
485.945559
485.953980
569.661325
569.664645
655.316016
655.317786
750.555015
750.556076
849.461764
849.462412
936.991419
1002.810756
1046.584032
1074.048481
1091.780684
1104.187817
1113.379297
1120.274363
1125.430520
1129.301286
1132.246278
1134.525109
1136.315530
1137.738256
1138.877127
1139.792487
1140.529446
1141.122815
1141.600108
1141.983457
1142.290762
1142.536607
1142.732861
1142.889183
1143.013420
1143.111932
1143.189860
1143.251350
1143.299739
1143.337706
1143.367399
