-18.495237
58.405380
-29.517663
50.402036
-27.745467
53.227292
-138.716345
62.566938
-139.154663
135.613615
-51.505842
75.017086
-31.830251
-18.325345
-167.751153
11.258537
18.279933
-50.795425
141.398099
-60.335417
-8.365578
-33.170753
-0.731838
-33.364362
-122.273561
27.149286
10.262931
-7.184048
17.724007
-33.037644
91.165961
-51.579955
-21.913584
-3.731884
-47.000873
19.014642
-118.231747
44.641060
27.733245
-33.203044
58.786579
-18.219180
65.495214
-655.036661
354.990942
-486.950531
22.272136
-181.742895
49.894283
-57.342768
-18.775095
-0.085215
-22.355948
-60.320640
35.968463
5.289587
-2.722348
7.842383
-21.123333
-6.659099
16.526842
-22.267654
-15.121413
-5.916168
-9.835767
0.164306
-2.872227
-17.393003
-43.562365
22.554151
-9.701761
-4.484280
6.678391
-28.645026
14.836352
-26.426562
14.031141
-15.212757
-25.254846
-22.128323
-6.189325
-6.429734
-10.998885
2.429106
12.009228
9.180916
-12.357802
9.078333
6.171583
-37.227998
20.286049
-20.394415
-7.222014
70.456232
-114.478706
49.494917
-52.167193
16.691568
-8.383305
23.053231
-25.739686
32.490025
-9.214095
17.522027
3.610100
9.371267
-11.067651
13.234466
-69.991224
2.379558
14.099868
-21.321138
-10.091785
-7.137368
-8.219327
8.528617
-12.714363
-11.695388
-16.723174
11.978517
-1.842077
-6.789113
3.747596
-9.859157
-19.481793
-6.170156
23.441264
-32.980396
-1.526487
-4.623934
-17.383527
11.041437
-27.453969
22.816674
-21.468424
8.949896
2.343865
5.954717
0.763047
-11.735649
10.763914
-24.925531
-1.202048
-16.703406
-8.900350
-2.994458
-15.992963
-13.816532
6.130131
-10.878074
0.789761
-5.125214
-6.395787
-14.254675
20.804285
-29.734010
17.958994
20.345709
-20.802576
12.424425
-36.202863
-148.757131
44.508138
-57.684790
7.907941
-146.194156
36.939451
-36.423425
16.292037
-29.491160
54.945478
-111.541248
0.421545
-6.616581
8.181840
-8.100884
6.439414
-25.807713
2.625546
19.082998
-0.222062
-11.583314
-16.125362
-6.201024
-20.004492
12.858606
-8.709289
-13.201107
-20.722189
0.995581
-0.445084
1.355531
-7.138978
-13.491525
14.948084
-81.856414
15.269863
-11.123944
-11.532708
-16.217224
-1.788405
4.749775
-32.119569
6.593000
-2.128611
4.351481
-6.412878
2.988307
-2.563874
-16.231575
5.242287
-13.337404
-10.403396
6.941924
-24.069136
-14.649882
-28.260773
27.709010
-53.532973
-50.052530
24.753887
-51.454544
104.744300
-30.828266
-8.479243
-28.918074
-25.142375
-76.307088
4.896979
-9.430194
6.006502
-5.147022
-84.258005
-36.392829
4.224124
13.293558
-0.185140
-10.372722
23.104963
3.547663
-127.706424
17.379542
-8.599093
-2.091974
-19.411691
-9.560196
-7.299150
-8.930719
28.073846
-46.280995
10.369402
-8.350796
9.011963
0.920606
2.633417
13.964935
-140.398116
-32.082255
-2.188083
-9.459890
16.707909
-37.113464
-12.217169
-12.929115
-8.539490
-45.290764
21.992646
34.974318
-45.196494
-7.754677
2.511957
-8.102668
-0.001745
-4.811268
-24.363479
-8.482588
2.354138
-28.681471
-35.775562
-10.112637
-9.447776
1.509952
-12.426707
5.313876
4.119774
-46.492215
24.422727
-13.162867
12.147231
-9.032931
-54.486455
-45.494970
-12.383931
-59.548091
7.772575
36.006188
7.773824
-12.221434
-93.090433
-5.829934
-5.940057
18.309701
7.786244
8.649821
-4.325536
-35.195340
-9.900428
-134.130358
20.389579
-22.796343
-59.544518
