-13617.706283
-13186.032936
-13036.243626
-12942.503141
-12873.095939
-12817.068989
-12770.566652
-12730.797764
-12696.293663
-12665.891626
-12638.826203
-12614.500309
-12592.467669
-12572.380984
-12553.960938
-12536.987257
-12521.275063
-12506.675488
-12493.060396
-12480.324289
-12468.374946
-12457.134870
-12446.535625
-12436.518685
-12427.031986
-12418.030351
-12409.473353
-12401.325489
-12393.554831
-12386.133056
-12379.034579
-12372.236510
-12365.718084
-12359.460591
-12353.446988
-12347.661821
-12342.090960
-12336.721521
-12331.541678
-12326.540597
-12321.708297
-12317.035592
-12312.513993
-12308.135654
-12303.893299
-12299.780178
-12295.790015
-12291.916965
-12288.155576
-12284.500759
-12280.947749
-12277.492087
-12274.129587
-12270.856319
-12267.668589
-12264.562916
-12261.536020
-12258.584805
-12255.706346
-12252.897878
-12250.156780
-12247.480572
-12244.866898
-12242.313522
-12239.818319
-12237.379269
-12234.994446
-12232.662017
-12230.380234
-12228.147429
-12225.962009
-12223.822451
-12221.727299
-12219.675160
-12217.664701
-12215.694642
-12213.763760
-12211.870879
-12210.014871
-12208.194654
-12206.409185
-12204.657466
-12202.938535
-12201.251465
-12199.595367
-12197.969383
-12196.372686
-12194.804479
-12193.263996
-12191.750494
-12190.263260
-12188.801604
-12187.364859
-12185.952382
-12184.563551
-12183.197766
-12181.854446
-12180.533028
-12179.232970
-12177.953744
-12176.694843
-12175.455773
-12174.236056
-12173.035230
-12171.852847
-12170.688472
-12169.541684
-12168.412075
-12167.299249
-12166.202821
-12165.122419
-12164.057680
-12163.008253
-12161.973798
-12160.953982
-12159.948484
-12158.956991
-11992.063018
-11989.655489
-11988.456968
-11987.640679
-11950.400224
-11950.256958
-11938.840554
-11938.824484
-11934.290349
-11934.287225
-11931.706003
-11931.704523
-11930.028255
-11930.027416
-11928.954555
-11928.954106
-11928.305940
-11927.892502
-11927.562286
-11927.255693
-11926.990200
-11926.792118
-11926.660191
-11926.575600
-11926.519904
-11926.481420
-11926.453817
-11926.433622
-11926.418721
-11926.407688
-11926.399506
-11926.393429
-11926.388905
-11926.385530
-11926.383005
-11926.381110
-11926.379685
-11926.378611
-11926.377800
-11926.377186
-11926.376722
-11926.376370
-11926.376103
-11926.375901
-11926.375747
-11926.375631
-11926.375543
