-13232.828644
-12809.882568
-12641.586873
-12548.122829
-12467.130702
-12410.324130
-12355.786840
-12314.840280
-12274.454803
-12242.679143
-12211.118946
-12185.336472
-12159.755855
-12138.202284
-12116.907910
-12098.501808
-12080.408955
-12064.437008
-12048.811662
-12034.776274
-12021.100405
-12008.639297
-11996.535079
-11985.375719
-11974.560237
-11964.492351
-11954.749131
-11945.607198
-11936.767567
-11928.419158
-11920.349599
-11912.687312
-11905.280662
-11898.216366
-11891.385533
-11884.846169
-11878.519568
-11872.444012
-11866.562188
-11860.898876
-11855.411980
-11850.117075
-11844.982943
-11840.018916
-11835.201589
-11830.536101
-11826.004687
-11821.609698
-11817.337469
-11813.188528
-11809.152211
-11805.227883
-11801.407094
-11797.688492
-11794.065277
-11790.535682
-11787.094148
-11783.738694
-11780.464707
-11777.270123
-11774.151055
-11771.105443
-11768.129971
-11765.222632
-11762.380559
-11759.601833
-11756.883950
-11754.225092
-11751.623051
-11749.076118
-11746.582329
-11744.140088
-11741.747634
-11739.403479
-11737.106036
-11734.853922
-11732.645696
-11730.480075
-11728.355746
-11726.271518
-11724.226189
-11722.218653
-11720.247808
-11718.312627
-11716.412094
-11714.545255
-11712.711172
-11710.908959
-11709.137746
-11707.396708
-11705.685040
-11704.001973
-11702.346758
-11700.718679
-11699.117037
-11697.541164
-11695.990410
-11694.464148
-11692.961773
-11691.482699
-11690.026359
-11688.592204
-11687.179702
-11685.788341
-11684.417622
-11683.067062
-11681.736195
-11680.424567
-11679.131740
-11677.857287
-11676.600796
-11675.361865
-11674.140106
-11672.935141
-11671.746605
-11670.574140
-11669.417403
-11498.087196
-11489.344723
-11489.991261
-11485.861990
-11432.955796
-11431.801811
-11412.368855
-11412.077863
-11402.974072
-11402.881491
-11397.364093
-11397.316789
-11393.550483
-11393.520849
-11390.862282
-11390.843893
-11388.954623
-11387.550747
-11386.425067
-11385.456252
-11384.622097
-11383.937506
-11383.401756
-11382.990935
-11382.673698
-11382.423547
-11382.221839
-11382.056214
-11381.918392
-11381.802603
-11381.704645
-11381.621341
-11381.550218
-11381.489304
-11381.437005
-11381.392016
-11381.353253
-11381.319815
-11381.290942
-11381.265993
-11381.244421
-11381.225764
-11381.209621
-11381.195651
-11381.183560
-11381.173095
-11381.164035
