1.971772
-5.233248
-3.257731
-3.060822
-2.396624
-10.122601
-8.794011
-7.225748
-10.361876
-0.849880
-3.188012
-4.393703
-5.381966
0.328793
15.540469
0.070153
0.337138
0.250785
18.731699
-30.700770
-12.002352
-13.797004
-15.369343
4.144478
-24.362299
6.449177
-4.505541
-4.474469
-2.093676
-15.351336
35.527384
-31.420215
-4.285899
-11.386086
-18.492080
13.819166
-34.762876
6.361242
1.360416
10.014728
-10.968354
-9.276134
-24.287369
-23.554594
-1.077371
-14.675660
15.605033
-19.376565
6.296349
-30.473427
-20.570046
-6.719649
-23.351801
-24.993014
15.081433
4.095849
-4.181708
6.004249
-18.632113
-4.758048
0.113307
-15.056601
-6.439004
-9.000949
-1.791388
-8.015484
-4.081032
2.780762
-39.202415
17.580029
-16.647222
-3.330292
-1.111591
-21.426205
2.690837
-21.651775
13.732550
-17.158887
-14.720476
-26.891112
0.390214
-7.687464
-5.466732
-6.772398
8.096790
-5.174588
7.104375
-17.969637
2.910308
-20.954940
-3.391889
-20.304067
-0.613789
17.983737
-21.196710
13.707805
-33.286973
9.023821
4.404526
-5.399480
-17.519296
-0.930817
-11.619439
-25.693193
8.812906
2.718594
-7.081632
9.956643
-36.275865
-28.197892
10.986039
-17.374262
-7.598033
-5.107417
-9.854808
8.934351
-26.030424
1.864144
-17.553807
12.159058
-7.459327
-6.774766
2.790096
-10.770000
0.761307
-21.772597
29.325079
-34.063894
2.181122
-6.968779
-14.908597
8.860828
-20.397577
15.772417
-29.586682
12.211107
-2.913575
9.773413
-3.294365
-13.217566
7.243448
-7.135022
-6.188782
-11.285373
-18.477151
5.083283
-12.536550
-15.628410
4.552668
-6.680969
3.552928
-8.076933
-7.382468
-1.949682
-4.887504
-15.611317
7.939904
-7.262462
-6.109807
-6.944712
3.801107
-35.906751
14.212583
-17.851491
3.388357
-10.733110
1.529142
-21.546103
5.252955
-23.651109
28.143870
15.773923
-19.999184
-1.769499
4.156168
-6.442400
4.869884
-33.030304
26.700687
-16.307887
5.218054
-13.817604
-13.024347
-10.643368
-15.500054
12.751847
-29.004425
10.851159
-26.762368
0.991755
-2.552152
5.907314
-13.756453
-11.091985
9.779563
-40.112866
17.297891
-12.936072
-11.499389
-24.360232
1.219746
5.257531
-29.111810
-6.579313
2.149327
0.734716
2.370260
-3.418134
-6.946956
-11.865779
1.371339
-13.654847
-15.266085
9.466630
-20.095547
-16.344827
-8.236826
11.321078
-38.005632
8.277864
-3.516341
-7.901311
11.655167
-9.394128
-4.862316
-24.561987
5.049804
-16.346697
-8.272086
-9.257393
7.618204
-23.148495
-3.154014
-8.750504
-12.025610
17.130662
-0.872918
-7.727066
25.980964
-24.936613
3.631511
-3.536217
1.039887
-5.029779
-18.550986
-17.195913
-3.206388
-4.024447
-9.455969
-30.139480
1.062842
-4.220883
6.737674
8.256760
0.791596
2.161653
-37.871951
-11.556357
-13.549352
-5.572574
0.336827
-31.350805
-3.758046
-3.333036
-8.897707
-26.081559
10.506940
4.561632
-4.668944
-4.798026
1.339040
-12.817161
6.446404
-4.141467
-22.225146
-10.430961
2.095572
-33.809588
3.310778
-8.404273
-9.076209
2.909384
-8.506858
2.474799
-8.641588
-42.174236
15.867502
-15.632814
3.196886
-16.567178
-27.413114
-20.722307
-10.090838
-34.089694
13.250181
1.684720
38.450862
-18.439834
-20.807701
7.535700
-1.736380
-7.038165
17.691803
0.935838
-15.025022
-8.331259
-18.088780
-54.822494
11.452137
-16.647415
2.463484
