-5.010352
-4.889156
-4.926692
-5.067386
-4.930304
-4.786326
-4.798548
-5.002900
-5.052169
-4.800058
-4.538887
-4.737506
-5.001290
-5.099749
-4.971155
-4.589453
-4.644864
-4.901587
-5.077185
-5.061075
-5.107731
-5.120894
-5.112645
-5.049822
-5.046014
-5.070576
-5.056432
-5.004203
-5.049929
-5.045675
-5.034587
-5.030464
-5.048134
-5.047069
-4.996313
-4.950309
-4.996713
-4.968120
-4.932217
-4.966014
-5.009561
-4.991798
-4.928415
-4.973303
-4.968785
-4.910032
-4.872401
-5.021870
-5.065061
-5.015958
-4.971618
-5.038973
-4.887569
-4.902130
-4.967460
-5.090001
-5.007448
-5.082721
-5.042160
-4.865798
-4.661717
-4.972793
-5.046005
-4.971429
-5.046411
-5.152027
-5.074543
-5.054043
-5.135767
-5.008169
-4.991027
-5.038026
-4.987896
-5.200038
-5.186528
-5.229666
-5.279619
-5.238850
-5.156528
-5.028831
-4.913400
-5.244453
-5.389444
-5.383442
-5.344241
-5.334753
-5.168683
-4.925852
-4.864343
-5.138961
-5.370861
-5.490684
-5.500302
-5.321997
-5.160098
-4.889918
-4.730659
-5.010342
-5.156137
-5.318781
-5.167003
-5.080862
-5.073625
-4.793677
-4.798944
-5.045545
-5.049094
-5.024888
-4.892296
-5.005497
-5.024477
-4.778269
-4.877069
-5.033825
-5.053333
-5.050502
-5.098864
-5.174161
-4.981028
-4.774365
-4.900636
-4.885503
-4.965004
-5.051323
-5.146905
-5.115636
-5.017202
-4.940013
-4.997013
-4.993754
-4.937680
-4.950018
-4.960010
-4.967023
-4.959223
-4.971343
-4.931953
-5.256855
-5.332943
-5.254421
-4.590083
-5.042981
-5.269796
-4.944247
-5.055499
-5.404769
-5.631796
-5.864930
-5.923868
-5.582309
-5.308872
-5.141181
-4.868832
-5.351551
-5.901561
-6.498856
-6.556235
-6.217417
-5.549721
-5.240574
-4.984362
-5.560307
-6.328376
-6.379803
-6.520700
-6.271078
-5.543176
-5.277952
-5.163911
-5.464808
-6.093031
-6.399905
-6.938351
-6.295963
-5.712243
-5.372763
-4.660893
-5.393084
-6.020834
-6.279765
-6.252503
-6.073135
-5.529130
-5.058759
-4.691865
-5.359117
-5.699762
-5.617284
-5.431788
-5.806312
-5.642274
-4.976716
-5.059662
-5.309053
-5.607745
-5.823780
-5.563715
-5.652176
-5.487764
-4.769009
-4.724859
-4.801391
-5.280978
-5.522152
-5.228091
-5.245988
-5.102363
-4.504333
-4.581900
-4.857389
-4.897553
-4.951728
-5.010428
-4.774200
-4.282964
-4.421990
-4.891506
-5.346374
-5.217794
-5.441427
-4.892017
-5.325554
-5.569067
-5.222837
-5.384788
-5.544600
-5.883007
-5.511485
-5.597286
-6.104488
-5.816147
-5.503214
-5.495644
-5.308302
-6.137993
-6.856689
-7.054788
-6.851896
-5.660873
-5.537570
-5.384721
-5.763009
-6.434617
-7.172450
-7.564415
-7.316602
-5.542534
-5.228067
-5.228504
-5.087860
-5.291123
-7.172090
-8.536003
-7.252996
-5.893797
-5.118654
-4.763884
-5.541458
-6.781354
-7.464497
-8.645373
-7.412671
-5.772263
-5.367882
-4.691540
-5.684351
-6.842187
-6.521855
-7.192362
-7.106895
-6.054806
-5.042883
-5.403319
-5.725931
-6.290319
-6.136685
-6.303693
-6.037125
-5.858540
-4.764097
-4.863682
-5.120876
-5.526725
-5.461806
-5.394255
-5.360003
-5.366819
-4.073003
-3.979943
-4.949953
-4.858010
-4.732178
-5.282051
-5.072503
-4.557464
-4.308755
-4.013266
-4.278637
-4.470322
-5.078296
-5.159603
-4.629871
-4.659285
-4.973562
-4.535890
-4.915557
-5.001547
-5.205984
-5.394525
-5.158649
-4.886278
-4.945442
-4.983034
-4.649892
-4.853300
-6.673404
-7.426089
-6.167074
-5.123612
-5.191112
-4.588829
-5.790777
-6.745925
-9.424722
-9.575969
-7.147846
-5.697881
-5.444546
-4.899114
-5.826677
-7.525493
-11.091117
-11.648168
-9.313152
-7.285135
-5.168750
-5.288126
-6.070548
-8.040164
-11.485379
-11.948259
-8.985516
-6.770774
-4.978573
-5.022269
-5.635744
-6.890001
-8.809093
-9.755248
-7.506099
-5.552898
-5.352626
-5.135608
-5.405276
-5.862146
-5.887637
-7.038941
-5.763188
-4.611764
-5.127538
-4.799909
-5.067749
-5.155420
-4.328642
-5.023779
-4.685860
-4.181407
-4.272415
-4.242561
-4.684870
-4.421591
-4.527784
-4.672892
-4.852852
-4.826238
-4.160867
-4.310867
-3.954491
-4.054196
-4.521359
-4.442348
-4.244198
-4.321069
-4.538498
-4.374132
-4.818426
-4.734477
-4.749393
-4.540814
-4.288618
-4.499730
-4.312112
-4.471745
-4.962428
-4.737136
-6.039967
-6.423655
-5.720231
-5.386543
-4.570534
-4.096739
-5.576153
-5.969226
-7.339674
-8.097312
-6.723028
-5.857793
-5.178479
-4.794104
-5.672345
-6.193367
-7.397753
-8.663647
-7.719525
-5.910755
-4.962357
-5.024748
-4.923214
-5.355308
-7.396871
-8.284228
-6.433489
-4.622256
-3.623253
-4.639357
-4.192897
-4.859250
-6.331508
-6.759066
-5.104929
-4.445199
-4.361199
-4.519520
-4.602745
-4.629218
-4.795029
-5.414271
-4.441333
-4.203467
-4.797153
-4.607046
-4.863222
-4.843760
-4.512039
-5.120112
-4.762306
-4.231669
-4.492504
-4.547716
-4.400461
-4.215839
-4.453525
-4.198396
-4.690740
-4.717169
-4.114512
-4.549357
-4.729949
-4.724056
-4.862404
-4.771309
-4.818491
-4.810336
-4.416990
-4.771666
-5.170297
-5.461657
-5.198622
-4.482992
-4.831107
-5.094382
-4.763332
-4.717079
-5.213759
-5.385350
-5.556341
-5.169099
-5.256054
-5.308049
-4.899589
-4.567985
-5.020261
-4.986758
-5.379329
-5.692870
-5.194037
-5.050046
-4.966743
-4.739687
-4.866375
-4.747601
-4.924736
-5.557135
-5.101188
-4.523580
-4.715303
-4.685012
-4.757532
-4.676615
-4.956535
-5.514581
-5.020621
-4.475090
-4.486226
-4.676433
-4.813942
-4.961193
-5.158400
-5.349875
-4.841229
-4.839669
-4.606655
-4.672974
-4.984461
-4.996683
-5.028971
-5.235139
-4.921362
-4.890326
-4.699629
-4.829824
-5.029826
-5.020147
-4.869862
-5.088416
-5.040777
-4.905794
-4.734771
-4.532415
-4.645737
-4.543358
-4.559262
-4.817930
-4.901374
-4.798516
-4.499780
-4.997634
-5.043452
-5.032109
-5.063856
-5.074321
-5.063185
-5.051227
-4.956898
-5.049433
-5.095401
-5.095805
-5.102647
-5.075906
-5.074034
-5.100823
-5.065072
-5.053969
-4.997974
-4.936456
-4.925643
-5.020512
-5.082792
-5.045007
-4.813652
-4.795003
-4.657769
-4.627162
-4.654607
-4.819588
-4.912030
-4.752584
-4.792112
-4.862505
-4.863710
-4.950887
-4.951056
-4.948577
-4.946492
-4.819331
-4.976716
-5.067888
-5.093676
-5.121705
-5.105294
-5.073448
-5.068145
-4.986109
-5.037927
-5.089512
-5.105257
-5.119839
-5.131625
-5.104177
-5.082644
-5.021732
-5.091033
-5.105969
-5.105785
-5.105794
-5.102380
-5.079685
-5.095084
-5.081764
-5.061396
-5.061381
-5.095215
