0.100000
0.112219
0.078001
0.065491
0.060612
0.059330
0.060325
0.062305
0.064531
0.066863
0.069275
0.071758
0.074312
0.076938
0.079636
0.082409
0.085256
0.088180
0.091182
0.094261
0.097420
0.100659
0.103977
0.107377
0.110859
0.114422
0.118068
0.121796
0.125607
0.129500
0.133476
0.137534
0.141673
0.145893
0.150193
0.154573
0.159030
0.163564
0.168173
0.172856
0.177610
0.182434
0.187326
0.192283
0.197303
0.202383
0.207520
0.212712
0.217955
0.223246
0.228581
0.233958
0.239372
0.244819
0.250297
0.255801
0.261327
0.266870
0.272428
0.277995
0.283568
0.289142
0.294713
0.300277
0.305830
0.311367
0.316885
0.322380
0.327847
0.333283
0.338684
0.344046
0.349366
0.354640
0.359866
0.365039
0.370157
0.375217
0.380216
0.385152
0.390023
0.394825
0.399557
0.404217
0.408804
0.413315
0.417749
0.422106
0.426383
0.430580
0.434697
0.438732
0.442685
0.446555
0.450343
0.454049
0.457672
0.461212
0.464670
0.468046
0.471341
0.474555
0.477689
0.480743
0.483719
0.486617
0.489438
0.492183
0.494854
0.497451
0.499976
0.502429
0.504813
0.507128
0.509375
0.511556
0.513673
0.515726
0.517717
0.519648
0.521519
0.523332
0.525089
0.526790
0.528438
0.530033
0.531577
0.533072
0.534517
0.535916
0.537269
0.538577
0.539842
0.541065
0.542247
0.543390
0.544493
0.545560
0.546590
0.547585
0.548545
0.549473
0.550369
0.551234
0.552069
0.552874
0.553652
0.554402
0.555126
0.555825
0.556498
0.557148
0.557775
0.558380
0.558963
0.559525
0.560067
0.560590
0.561094
0.561580
0.562048
0.562499
0.562935
0.563354
0.563758
0.564148
0.564523
0.564884
0.565233
0.565569
0.565892
0.566204
0.566504
0.566793
0.567072
0.567340
0.567599
0.567848
0.568088
0.568319
0.568541
0.568756
0.568962
0.569161
0.569352
0.569536
0.569714
0.569885
0.570049
0.570208
0.570360
0.570507
0.570649
0.570785
0.570916
0.571042
0.571164
0.571281
0.571393
0.571502
0.571606
0.571707
0.571804
0.571897
0.571987
0.572073
0.572156
0.572236
0.572313
0.572387
0.572459
0.572527
0.572593
0.572657
0.572718
0.572777
0.572834
0.572889
0.572941
0.572992
0.573041
0.573088
0.573133
0.573176
0.573218
0.573258
0.573297
0.573334
0.573370
0.573405
0.573438
0.573470
0.573501
0.573530
0.573559
0.573586
0.573613
0.573638
0.573663
0.573686
0.573709
0.573731
0.573752
0.573772
0.573792
0.573810
0.573828
0.573846
0.573862
0.573878
0.573894
0.573909
0.573923
0.573937
0.573950
0.573963
0.573975
0.573987
0.573998
0.574009
0.574020
0.574030
0.574040
0.574049
0.574058
0.574067
0.574075
0.574083
0.574091
0.574099
0.574106
0.574113
0.574119
0.574126
0.574132
0.574138
0.574144
0.574149
0.574154
0.574160
0.574164
0.574169
0.574174
0.574178
0.574182
0.574186
0.574190
0.574194
0.574198
0.574201
0.574204
0.574208
0.574211
0.574214
0.574216
0.574219
0.574222
0.574224
0.574227
0.574229
0.574232
0.574234
0.574236
0.574238
0.574240
0.574242
0.574243
0.574245
0.574247
0.574249
0.574250
0.574252
0.574253
0.574254
0.574256
0.574257
0.574258
0.574259
0.574261
0.574262
0.574263
0.574264
0.574265
0.574266
0.574267
0.574267
0.574268
0.574269
0.574270
0.574271
0.574271
0.574272
0.574273
0.574273
0.574274
0.574275
0.574275
0.574276
0.574276
0.574277
0.574277
0.574278
0.574278
0.574279
0.574279
0.574279
0.574280
0.574280
0.574280
0.574281
0.574281
0.574281
0.574282
0.574282
0.574282
0.574283
0.574283
0.574283
0.574283
0.574284
0.574284
0.574284
0.574284
0.574285
0.574285
0.574285
0.574285
0.574285
0.574285
0.574286
0.574286
0.574286
0.574286
0.574286
0.574286
0.574286
0.574287
0.574287
0.574287
0.574287
0.574287
0.574287
0.574287
0.574287
0.574287
0.574287
0.574288
0.574288
0.574288
0.574288
0.574288
0.574288
0.574288
0.574288
0.574288
0.574288
0.574288
0.574288
0.574288
0.574288
0.574288
0.574288
0.574289
0.574289
0.574289
0.574289
0.574289
0.574289
0.574289
0.574289
0.574289
0.574289
0.574289
0.574289
0.574289
0.574289
0.574289
0.574289
0.574289
0.574289
0.574289
0.574289
0.574289
0.574289
0.574289
0.574289
0.574289
0.574289
0.574289
0.574289
0.574289
0.574289
