62.302335
991.252201
1643.372852
2658.328688
3642.702644
4384.034960
4916.612343
5272.289081
5487.638849
5613.922199
5689.228479
5736.720550
5769.479261
5794.667385
5816.137629
5835.939967
5855.159101
5874.362505
5893.825641
5913.635656
5933.740451
5953.986373
5974.163391
5994.054190
6013.473309
6032.286827
6050.413336
6067.813492
6084.475908
6100.404480
6115.609229
6130.100871
6143.888391
6156.978684
6169.377376
6181.090174
6192.124255
6202.489431
6212.198933
6221.269811
6229.722954
6237.582829
6244.877005
6251.635551
6257.890380
6263.674587
6269.021823
6273.965728
6278.539439
6282.775168
6286.703860
6290.354916
6293.755984
6296.932798
6299.909068
6302.706417
6305.344344
6307.840226
6310.209347
6312.464946
6314.618302
6316.678827
6318.654184
6320.550428
6322.372153
6324.122656
6325.804114
6327.417758
6328.964056
6330.442888
6331.853713
6333.195728
6334.468012
6335.669648
6336.799829
6337.857945
6338.843649
6339.756901
6340.597999
6341.367589
6342.066663
6342.696552
6343.258893
6343.755614
6344.188888
6344.561107
6344.874838
6345.132793
6345.337785
6345.492703
6345.600475
6345.664041
6345.686331
6345.670239
6345.618604
6345.534199
6345.419711
6345.277736
6345.110766
6344.921186
6344.711268
6344.483171
6344.238933
6343.980480
6343.709619
6343.428045
6343.137341
6342.838982
6342.534336
6342.224675
6341.911169
6341.594898
6341.276855
6340.957948
6340.639006
6340.320784
6340.003965
6339.689169
6339.376953
6339.067814
6338.762198
6338.460500
6338.163067
6337.870203
6337.582174
6337.299207
6337.021495
6336.749199
6336.482452
6336.221361
6335.966008
6335.716452
6335.472733
6335.234873
6335.002876
6334.776732
6334.556417
6334.341896
6334.133121
6333.930036
6333.732575
6333.540667
6333.354232
6333.173185
6332.997435
6332.826889
6332.661448
6332.501012
6332.345478
6332.194739
6332.048690
6331.907222
6331.770227
6331.637596
6331.509221
6331.384992
6331.264802
6331.148543
6331.036110
6330.927396
6330.822298
6330.720713
6330.622541
6330.527681
6330.436036
6330.347510
6330.262009
6330.179441
6330.099715
6330.022744
6329.948441
6329.876722
6329.807505
6329.740709
6329.676257
6329.614072
6329.554080
6329.496209
6329.440390
6329.386553
6329.334633
6329.284565
6329.236287
6329.189738
6329.144860
6329.101595
6329.059887
6329.019685
6328.980934
6328.943586
6328.907590
6328.872901
6328.839473
6328.807260
6328.776221
6328.746314
6328.717499
6328.689738
6328.662992
6328.637226
6328.612404
6328.588494
6328.565462
6328.543277
6328.521908
6328.501327
6328.481504
6328.462412
6328.444025
6328.426317
6328.409263
6328.392841
6328.377026
6328.361797
6328.347132
6328.333011
6328.319414
6328.306322
6328.293715
6328.281577
6328.269890
6328.258638
6328.247805
6328.237374
6328.227332
6328.217664
6328.208356
6328.199395
6328.190769
6328.182464
6328.174468
6328.166772
6328.159362
6328.152230
6328.145364
6328.138754
6328.132391
6328.126266
6328.120371
6328.114695
6328.109233
6328.103974
6328.098912
6328.094040
6328.089350
6328.084836
6328.080491
6328.076308
6328.072283
6328.068408
6328.064678
6328.061088
6328.057633
6328.054307
6328.051106
6328.048025
6328.045060
6328.042206
6328.039459
6328.036815
6328.034270
6328.031821
6328.029463
6328.027194
6328.025011
6328.022909
6328.020886
6328.018939
6328.017065
6328.015262
6328.013526
6328.011856
6328.010248
6328.008701
6328.007212
6328.005778
6328.004399
6328.003071
6328.001794
6328.000564
6327.999381
6327.998242
6327.997145
6327.996090
6327.995075
6327.994098
6327.993157
6327.992252
6327.991381
6327.990543
6327.989736
6327.988960
6327.988213
6327.987493
6327.986801
6327.986135
6327.985494
6327.984877
6327.984283
6327.983712
6327.983162
6327.982633
6327.982123
6327.981633
6327.981161
6327.980707
6327.980270
6327.979850
6327.979445
6327.979056
6327.978681
6327.978320
6327.977973
6327.977639
6327.977317
6327.977008
6327.976710
6327.976424
6327.976148
6327.975882
6327.975627
6327.975381
6327.975144
6327.974917
6327.974698
6327.974487
6327.974284
6327.974089
6327.973901
6327.973720
6327.973546
6327.973378
6327.973217
6327.973062
6327.972912
6327.972769
6327.972630
6327.972497
6327.972369
6327.972246
6327.972127
6327.972013
6327.971903
6327.971797
6327.971696
6327.971598
6327.971503
6327.971413
6327.971325
6327.971241
6327.971161
6327.971083
6327.971008
6327.970936
6327.970867
6327.970800
6327.970736
6327.970674
6327.970614
6327.970557
6327.970502
6327.970449
6327.970398
6327.970349
6327.970302
6327.970256
6327.970212
6327.970170
6327.970130
6327.970091
6327.970053
6327.970017
6327.969982
6327.969949
6327.969917
6327.969886
6327.969856
6327.969827
6327.969799
6327.969773
6327.969747
6327.969723
6327.969699
6327.969676
6327.969654
6327.969633
6327.969613
6327.969593
6327.969574
6327.969556
6327.969539
6327.969522
6327.969506
6327.969490
6327.969475
6327.969461
6327.969447
6327.969434
6327.969421
6327.969409
6327.969397
6327.969385
6327.969374
6327.969364
6327.969354
6327.969344
6327.969334
6327.969325
6327.969316
6327.969308
6327.969300
6327.969292
6327.969285
6327.969277
6327.969271
6327.969264
6327.969257
6327.969251
6327.969245
6327.969240
6327.969234
6327.969229
6327.969224
6327.969219
6327.969214
6327.969209
6327.969205
6327.969201
6327.969197
6327.969193
6327.969189
6327.969185
