7.063466
13.040439
-10.082547
-194.754810
393.816297
-1279.094209
-179.613791
42.992225
-27.518501
47.134058
-106.373106
302.555852
50.205721
-29.244638
4.663650
-45.311114
60.765042
-172.789246
33.254214
14.864655
1.622429
-0.065628
-28.181097
11.914978
74.345804
-82.934714
-135.562802
275.452233
-697.317116
575.196651
-127.619750
730.645574
-466.203298
1202.644817
380.500005
-239.388601
-376.976709
79.148982
123.724356
-34.769701
-5.556988
54.526584
-122.533880
385.451547
-581.012104
7.092040
-12.038831
-0.502283
-28.378568
18.254277
-79.981520
669.271527
41.062774
-4.569093
-4.155941
-6.500765
8.856929
-13.480375
-5.917128
-362.129169
73.958595
-55.336880
-3.833768
-14.807073
-9.987626
-23.087009
4.536365
179.217673
-51.527442
12.905282
8.851173
0.568086
-16.281476
25.732405
-26.156588
-264.530664
-106.751626
1.497485
-54.989088
28.597731
-56.789303
-48.650635
110.609899
-53.518126
-21.224265
-288.124885
-420.611441
420.256581
497.210014
-59.435078
-27.701191
51.282843
-116.161417
783.210068
-81.489041
-8.684899
-4.492261
-27.899125
30.469619
-181.505919
50.384454
-9.682137
-0.178886
-1.150551
4.591500
-10.621631
17.254237
-212.580130
-11.371595
-9.749532
1.203846
-3.001718
-9.144488
5.852745
-11.954162
50.927138
-17.204684
-10.471505
-2.203134
-5.390752
-4.896346
1.927951
-15.711479
-37.585619
12.133221
4.784811
-5.716252
-8.080573
-8.822649
-2.772395
-0.797941
53.596547
-231.983080
-7.248765
-3.469932
-1.713359
-6.786019
-5.140049
2.873687
-212.062859
49.225188
-19.282121
9.249755
-0.138968
4.529437
-14.858144
-509.437664
59.202620
-42.954099
-30.835141
32.906344
-140.265928
-942.750445
456.555383
29.754650
186.450082
-410.623846
7.682681
6.941184
-28.837471
44.842638
-438.485071
-577.928693
-9.375353
16.283271
-7.456574
9.850776
-14.257597
51.405071
-688.790815
-66.670719
19.185123
-9.472947
0.698229
-5.257772
1.945925
0.424847
1.891096
3.936653
-7.724117
2.868984
-6.061582
-2.392830
-1.894596
-2.490690
-9.523804
-9.001925
7.304675
-9.099011
0.858053
-0.551483
-7.487202
4.347609
-5.845242
-2.301320
-12.049735
4.459000
-0.617057
2.487006
-0.629268
-5.287921
-14.258391
58.325619
-4.463865
1.431055
-5.802674
-5.405788
1.221736
-3.436333
2.184048
-245.346234
-18.560301
-6.594651
-3.183834
1.951587
-12.169837
10.046943
-76.433393
171.112768
-16.621130
0.895115
-7.165996
-6.529819
11.435837
434.373124
-209.214470
-32.103507
0.907681
156.452885
-32.922991
-8.851705
12.572493
-37.570477
-17.310049
19.738708
-45.396627
-7.143786
0.691807
-11.827578
17.547020
-82.060443
246.282690
9.397546
-11.423168
1.410564
-4.424727
-0.955665
-8.093382
3.170079
-36.800859
-13.361048
6.228778
-12.582174
-1.864563
-4.434318
-8.935056
3.739298
-2.004951
-0.126880
-5.992464
-3.776526
-4.225229
0.028738
-8.837910
-0.373087
-11.061680
-18.147435
4.863960
-6.725722
-3.155883
-9.493262
2.643045
-4.516676
13.663948
-62.469419
7.086669
-5.763837
-1.943250
-2.315776
-6.674539
9.646595
-46.869889
-385.701556
11.742047
3.627772
-1.217089
-4.934685
9.980536
-27.951982
-189.036417
-230.552541
19.311724
-17.691975
4.082233
-16.909238
-10.382711
-578.539368
240.273252
77.819844
-126.374695
-26.913620
3.408460
-36.966377
-87.350026
47.748447
3.388613
-12.400744
7.256966
-24.123190
65.316312
-122.994379
-10.120926
0.944231
-1.115910
-2.230527
7.551423
-17.799827
-41.779204
23.519929
-8.684884
13.024768
-5.694288
-2.390125
8.182028
-6.456776
-3.146918
-32.025163
4.668544
-6.761929
-4.486094
-8.877233
0.311276
-2.309732
-6.488728
23.074481
-0.565826
3.141924
-0.629195
6.927033
-7.139661
16.859681
-68.151563
-160.610533
10.508559
-10.012956
2.720732
-1.374338
-2.862753
-13.878898
-104.061856
-123.831134
30.125878
-27.257520
9.123039
-26.908375
5.029265
-177.009281
58.668505
-37.460564
-16.624610
3359.465112
-1155.277531
-1394.278404
2859.493668
-516.493698
-213.564459
24.378751
-85.881937
-11.280084
-434.272204
1653.619529
-176.208426
34.229369
-6.388267
17.466607
-17.286940
-55.320168
543.383182
-529.877814
32.510309
-27.856217
2.084385
-12.926635
-2.290642
-2.836353
-104.680782
245.580042
-36.133052
11.568565
-9.489613
1.277695
0.104146
-23.280765
70.626489
-564.497369
5.011092
-7.728796
6.550078
-6.330712
7.765853
-16.619057
-362.452948
-115.849718
-18.471260
-26.456695
-6.765624
-48.524805
-69.324369
-80.379926
71.457090
-65.814174
122.616030
-244.428599
-98.170367
-651.268344
-120.009044
31.286133
-28.548817
-9.232734
-72.842445
10.977878
14.075435
-14.648367
-5.249213
-2.833638
6.503195
-70.304261
-148.220589
25.056167
-9.712384
-2.667558
-25.583031
85.469825
103.634230
-113.989492
3.933764
-25.014761
-5.546024
-379.817955
118.713238
16.703199
-7.349059
143.143252
