-61295.422302
-61295.422302
-58470.608977
-55415.481682
-55008.367861
-54962.477888
-54953.804848
-54950.187695
-54947.952452
-54946.386790
-54945.085767
-54943.876256
-54942.691031
-54941.504034
-54940.305110
-54939.090173
-54937.857415
-54936.605912
-54935.335164
-54934.044972
-54932.735408
-54931.406765
-54930.059475
-54928.694039
-54927.310974
-54925.910800
-54924.494057
-54923.061329
-54921.613262
-54920.150581
-54918.674090
-54917.184672
-54915.683288
-54914.170967
-54912.648801
-54911.117942
-54909.579591
-54908.034997
-54906.485449
-54904.932272
-54903.376819
-54901.820470
-54900.264625
-54898.710698
-54897.160112
-54895.614293
-54894.074666
-54892.542649
-54891.019647
-54889.507045
-54888.006207
-54886.518464
-54885.045117
-54883.587426
-54882.146606
-54880.723826
-54879.320201
-54877.936792
-54876.574599
-54875.234562
-54873.917554
-54872.624382
-54871.355785
-54870.112432
-54868.894921
-54867.703777
-54866.539458
-54865.402346
-54864.292758
-54863.210937
-54862.157061
-54861.131243
-54860.133531
-54859.163910
-54858.222308
-54857.308598
-54856.422596
-54855.564072
-54854.732746
-54853.928296
-54853.150359
-54852.398536
-54851.672394
-54850.971467
-54850.295267
-54849.643279
-54849.014967
-54848.409778
-54847.827146
-54847.266490
-54846.727222
-54846.208746
-54845.710461
-54845.231765
-54844.772056
-54844.330731
-54843.907194
-54843.500850
-54843.111115
-54842.737409
-54842.379163
-54842.035816
-54841.706819
-54841.391635
-54841.089739
-54840.800618
-54840.523772
-54840.258717
-54840.004980
-54839.762104
-54839.529644
-54839.307173
-54839.094275
-54838.890549
-54838.695608
-54838.509080
-54838.330604
-54838.159837
-54837.996444
-54837.840107
-54837.690518
-54837.547383
-54837.410420
-54837.279357
-54837.153934
-54837.033904
-54836.919028
-54836.809077
-54836.703835
-54836.603091
-54836.506648
-54836.414313
-54836.325906
-54836.241252
-54836.160185
-54836.082545
-54836.008183
-54835.936951
-54835.868714
-54835.803338
-54835.740697
-54835.680673
-54835.623149
-54835.568016
-54835.515170
-54835.464512
-54835.415946
-54835.369381
-54835.324730
-54835.281912
-54835.240847
-54835.201459
-54835.163677
-54835.127432
-54835.092659
-54835.059294
-54835.027278
-54834.996555
-54834.967068
-54834.938767
-54834.911602
-54834.885524
-54834.860489
-54834.836452
-54834.813373
-54834.791212
-54834.769931
-54834.749493
-54834.729864
-54834.711010
-54834.692901
-54834.675504
-54834.658792
-54834.642736
-54834.627310
-54834.612488
-54834.598246
-54834.584561
-54834.571409
-54834.558771
-54834.546624
-54834.534949
-54834.523728
-54834.512943
-54834.502575
-54834.492609
-54834.483028
-54834.473818
-54834.464964
-54834.456451
-54834.448266
-54834.440396
-54834.432829
-54834.425553
-54834.418557
-54834.411829
-54834.405360
-54834.399138
-54834.393155
-54834.387401
-54834.381868
-54834.376545
-54834.371427
-54834.366504
-54834.361768
-54834.357214
-54834.352833
-54834.348619
-54834.344566
-54834.340667
-54834.336917
-54834.333309
-54834.329839
-54834.326501
-54834.323289
-54834.320200
-54834.317227
-54834.314368
-54834.311617
-54834.308971
-54834.306425
-54834.303975
-54834.301619
-54834.299352
-54834.297170
-54834.295071
-54834.293052
-54834.291109
-54834.289240
-54834.287442
-54834.285711
-54834.284046
-54834.282444
-54834.280903
-54834.279420
-54834.277993
-54834.276620
-54834.275298
-54834.274027
-54834.272804
-54834.271627
-54834.270494
-54834.269404
-54834.268356
-54834.267346
-54834.266375
-54834.265441
-54834.264542
-54834.263677
-54834.262844
-54834.262043
-54834.261272
-54834.260530
-54834.259817
-54834.259130
-54834.258469
-54834.257833
-54834.257221
-54834.256632
-54834.256065
-54834.255519
-54834.254994
-54834.254489
-54834.254003
-54834.253535
-54834.253085
-54834.252652
-54834.252235
-54834.251834
-54834.251448
-54834.251077
-54834.250719
-54834.250375
-54834.250044
-54834.249726
-54834.249419
-54834.249124
-54834.248840
-54834.248567
-54834.248304
-54834.248051
-54834.247807
-54834.247573
-54834.247347
-54834.247130
-54834.246922
-54834.246721
-54834.246527
-54834.246341
-54834.246162
-54834.245990
-54834.245824
-54834.245664
-54834.245510
-54834.245363
-54834.245220
-54834.245083
-54834.244952
-54834.244825
-54834.244703
-54834.244585
-54834.244472
-54834.244364
-54834.244259
-54834.244158
-54834.244061
-54834.243968
-54834.243878
-54834.243792
-54834.243709
-54834.243629
-54834.243552
-54834.243477
-54834.243406
-54834.243337
-54834.243271
-54834.243208
-54834.243147
-54834.243088
-54834.243031
-54834.242977
-54834.242924
-54834.242874
-54834.242825
-54834.242778
-54834.242733
-54834.242690
-54834.242648
-54834.242608
-54834.242570
-54834.242532
-54834.242497
-54834.242462
-54834.242429
-54834.242397
-54834.242367
-54834.242337
-54834.242309
-54834.242281
-54834.242255
-54834.242230
-54834.242205
-54834.242182
-54834.242159
-54834.242138
-54834.242117
-54834.242097
-54834.242077
-54834.242059
-54834.242041
-54834.242024
-54834.242007
-54834.241991
-54834.241976
-54834.241961
-54834.241947
-54834.241933
-54834.241920
-54834.241907
-54834.241895
-54834.241883
-54834.241872
-54834.241861
-54834.241850
-54834.241840
-54834.241831
-54834.241821
-54834.241812
-54834.241804
-54834.241795
-54834.241787
-54834.241780
-54834.241772
-54834.241765
-54834.241758
-54834.241751
-54834.241745
-54834.241739
-54834.241733
-54834.241727
-54834.241722
-54834.241717
-54834.241712
-54834.241707
-54834.241702
-54834.241698
-54834.241693
-54834.241689
-54834.241685
-54834.241681
-54834.241678
-54834.241674
-54834.241670
-54834.241667
-54834.241664
-54834.241661
-54834.241658
-54834.241655
-54834.241652
-54834.241650
-54834.241647
-54834.241645
-54834.241642
-54834.241640
-54834.241638
-54834.241636
-54834.241634
-54834.241632
-54834.241630
-54834.241628
-54834.241627
-54834.241625
-54834.241623
-54834.241622
-54834.241620
-54834.241619
-54834.241617
-54834.241616
-54834.241615
-54834.241614
-54834.241612
-54834.241611
-54834.241610
-54834.241609
-54834.241608
-54834.241607
-54834.241606
-54834.241605
-54834.241605
-54834.241604
-54834.241603
-54834.241602
