-60729.387541
-60729.387541
-57830.652659
-54665.742914
-54198.508565
-54127.177098
-54109.635628
-54102.560126
-54098.384370
-54095.605161
-54093.529987
-54091.799695
-54090.239993
-54088.764466
-54087.329057
-54085.910644
-54084.496641
-54083.079873
-54081.656073
-54080.222662
-54078.778134
-54077.321708
-54075.853077
-54074.372214
-54072.879219
-54071.374234
-54069.857411
-54068.328917
-54066.788964
-54065.237827
-54063.675875
-54062.103575
-54060.521497
-54058.930320
-54057.330818
-54055.723859
-54054.110399
-54052.491467
-54050.868166
-54049.241658
-54047.613159
-54045.983931
-54044.355276
-54042.728527
-54041.105041
-54039.486194
-54037.873370
-54036.267959
-54034.671346
-54033.084908
-54031.510004
-54029.947974
-54028.400128
-54026.867742
-54025.352057
-54023.854266
-54022.375517
-54020.916905
-54019.479469
-54018.064188
-54016.671981
-54015.303700
-54013.960132
-54012.641992
-54011.349930
-54010.084522
-54008.846276
-54007.635625
-54006.452936
-54005.298504
-54004.172556
-54003.075252
-54002.006687
-54000.966892
-53999.955838
-53998.973438
-53998.019551
-53997.093980
-53996.196483
-53995.326768
-53994.484504
-53993.669319
-53992.880803
-53992.118516
-53991.381988
-53990.670722
-53989.984199
-53989.321879
-53988.683206
-53988.067610
-53987.474508
-53986.903311
-53986.353420
-53985.824236
-53985.315154
-53984.825573
-53984.354891
-53983.902510
-53983.467839
-53983.050290
-53982.649285
-53982.264255
-53981.894640
-53981.539891
-53981.199469
-53980.872850
-53980.559518
-53980.258975
-53979.970732
-53979.694316
-53979.429268
-53979.175140
-53978.931501
-53978.697931
-53978.474028
-53978.259399
-53978.053667
-53977.856468
-53977.667451
-53977.486279
-53977.312625
-53977.146177
-53976.986634
-53976.833706
-53976.687117
-53976.546598
-53976.411894
-53976.282760
-53976.158960
-53976.040269
-53975.926469
-53975.817354
-53975.712725
-53975.612392
-53975.516173
-53975.423893
-53975.335386
-53975.250492
-53975.169058
-53975.090939
-53975.015993
-53974.944088
-53974.875095
-53974.808891
-53974.745361
-53974.684391
-53974.625875
-53974.569709
-53974.515797
-53974.464043
-53974.414359
-53974.366659
-53974.320859
-53974.276883
-53974.234654
-53974.194100
-53974.155154
-53974.117748
-53974.081820
-53974.047310
-53974.014159
-53973.982312
-53973.951717
-53973.922322
-53973.894079
-53973.866942
-53973.840866
-53973.815808
-53973.791727
-53973.768585
-53973.746343
-53973.724966
-53973.704419
-53973.684670
-53973.665685
-53973.647436
-53973.629893
-53973.613027
-53973.596813
-53973.581225
-53973.566237
-53973.551827
-53973.537971
-53973.524648
-53973.511837
-53973.499519
-53973.487672
-53973.476280
-53973.465325
-53973.454789
-53973.444657
-53973.434912
-53973.425540
-53973.416526
-53973.407856
-53973.399517
-53973.391496
-53973.383781
-53973.376360
-53973.369222
-53973.362355
-53973.355750
-53973.349396
-53973.343284
-53973.337405
-53973.331748
-53973.326307
-53973.321072
-53973.316036
-53973.311191
-53973.306530
-53973.302046
-53973.297732
-53973.293581
-53973.289588
-53973.285746
-53973.282049
-53973.278493
-53973.275071
-53973.271778
-53973.268611
-53973.265563
-53973.262630
-53973.259809
-53973.257094
-53973.254481
-53973.251968
-53973.249549
-53973.247222
-53973.244983
-53973.242828
-53973.240755
-53973.238760
-53973.236840
-53973.234993
-53973.233215
-53973.231505
-53973.229859
-53973.228276
-53973.226752
-53973.225285
-53973.223874
-53973.222516
-53973.221210
-53973.219952
-53973.218742
-53973.217578
-53973.216458
-53973.215379
-53973.214342
-53973.213344
-53973.212383
-53973.211458
-53973.210568
-53973.209712
-53973.208888
-53973.208096
-53973.207333
-53973.206598
-53973.205892
-53973.205212
-53973.204558
-53973.203928
-53973.203322
-53973.202739
-53973.202178
-53973.201638
-53973.201118
-53973.200618
-53973.200137
-53973.199673
-53973.199228
-53973.198799
-53973.198386
-53973.197989
-53973.197606
-53973.197239
-53973.196885
-53973.196544
-53973.196216
-53973.195901
-53973.195597
-53973.195305
-53973.195024
-53973.194753
-53973.194492
-53973.194242
-53973.194001
-53973.193769
-53973.193545
-53973.193330
-53973.193123
-53973.192924
-53973.192733
-53973.192548
-53973.192371
-53973.192200
-53973.192036
-53973.191878
-53973.191725
-53973.191579
-53973.191438
-53973.191302
-53973.191172
-53973.191046
-53973.190925
-53973.190809
-53973.190697
-53973.190589
-53973.190486
-53973.190386
-53973.190290
-53973.190197
-53973.190108
-53973.190023
-53973.189940
-53973.189861
-53973.189785
-53973.189711
-53973.189641
-53973.189573
-53973.189507
-53973.189444
-53973.189384
-53973.189325
-53973.189269
-53973.189215
-53973.189163
-53973.189113
-53973.189065
-53973.189019
-53973.188974
-53973.188931
-53973.188890
-53973.188850
-53973.188812
-53973.188775
-53973.188740
-53973.188706
-53973.188673
-53973.188641
-53973.188611
-53973.188582
-53973.188554
-53973.188526
-53973.188500
-53973.188475
-53973.188451
-53973.188428
-53973.188406
-53973.188384
-53973.188363
-53973.188343
-53973.188324
-53973.188306
-53973.188288
-53973.188271
-53973.188255
-53973.188239
-53973.188223
-53973.188209
-53973.188195
-53973.188181
-53973.188168
-53973.188155
-53973.188143
-53973.188132
-53973.188121
-53973.188110
-53973.188099
-53973.188089
-53973.188080
-53973.188071
-53973.188062
-53973.188053
-53973.188045
-53973.188037
-53973.188029
-53973.188022
-53973.188015
-53973.188008
-53973.188001
-53973.187995
-53973.187989
-53973.187983
-53973.187978
-53973.187972
-53973.187967
-53973.187962
-53973.187957
-53973.187953
-53973.187948
-53973.187944
-53973.187940
-53973.187936
-53973.187932
-53973.187928
-53973.187925
-53973.187921
-53973.187918
-53973.187915
-53973.187912
-53973.187909
-53973.187906
-53973.187903
-53973.187901
-53973.187898
-53973.187896
-53973.187893
-53973.187891
-53973.187889
-53973.187887
-53973.187885
-53973.187883
-53973.187881
-53973.187879
-53973.187878
-53973.187876
-53973.187874
-53973.187873
-53973.187871
-53973.187870
-53973.187869
-53973.187867
-53973.187866
-53973.187865
-53973.187864
-53973.187863
-53973.187862
-53973.187860
-53973.187859
-53973.187859
