6.066198242187500000e+03
5.978293255330154352e+03
5.976056890460112299e+03
5.987972735359822764e+03
6.002997447937661491e+03
6.018885843016278159e+03
6.034616302522083970e+03
6.049710147597987088e+03
6.063952400288883837e+03
6.077259378943177580e+03
6.089615980571242289e+03
6.101044288070889706e+03
6.111586885831496147e+03
6.121297458173558880e+03
6.130235197084615720e+03
6.138461320879835512e+03
6.146036835949783381e+03
6.153021076222340525e+03
6.159470756344506299e+03
6.165439378873496025e+03
6.170976892150012645e+03
6.176129527743528342e+03
6.180939766184144901e+03
6.185446392854519218e+03
6.189684615300161568e+03
6.193686220285198942e+03
6.197479754431842593e+03
6.201090716606697242e+03
6.204541753675359359e+03
6.207852853937521104e+03
6.211041534688471984e+03
6.214123021950457769e+03
6.217110421627614414e+03
6.220014882223808854e+03
6.222845749807903303e+03
6.225610716301781395e+03
6.228315962272130491e+03
6.230966295434021958e+03
6.233565285873584799e+03
6.236115398793664099e+03
6.238618125221432820e+03
6.241074110783885772e+03
6.243483282258242980e+03
6.245844971272068506e+03
6.248158034226738891e+03
6.250420967302295139e+03
6.252632015255441729e+03
6.254789272728426113e+03
6.256890776813300363e+03
6.258934589834108920e+03
6.260918871488998775e+03
6.262841939843989167e+03
6.264702320938480625e+03
6.266498787122154681e+03
6.268230384533267170e+03
6.269896450401382936e+03
6.271496621070076799e+03
6.273030831814178782e+03
6.274499309600556444e+03
6.275902560014817936e+03
6.277241349546215133e+03
6.278516684383348547e+03
6.279729786782261726e+03
6.280882069968233736e+03
6.281975112400053149e+03
6.283010632102654199e+03
6.283990461639406021e+03
6.284916524183280671e+03
6.285790811020781803e+03
6.286615360728155792e+03
6.287392240167437194e+03
6.288123527389949231e+03
6.288811296448938265e+03
6.289457604100047320e+03
6.290064478317082830e+03
6.290633908525316656e+03
6.291167837442681048e+03
6.291668154396902537e+03
6.292136689990362356e+03
6.292575211973039586e+03
6.292985422203385497e+03
6.293368954557216057e+03
6.293727373671386886e+03
6.294062174410578336e+03
6.294374781949714816e+03
6.294666552378757842e+03
6.294938773743851925e+03
6.295192667450243789e+03
6.295429389953565988e+03
