-5.483484252328531147e+04
-5.483273805284962145e+04
-5.483188958769738383e+04
-5.483172506803122087e+04
-5.483171415433457878e+04
-5.483171080991535564e+04
-5.483170805945483153e+04
-5.483170574273862439e+04
-5.483170378432988946e+04
-5.483170212638973317e+04
-5.483170072176495887e+04
-5.483169953102739237e+04
-5.483169852076696407e+04
-5.483169766246739164e+04
-5.483169693171714607e+04
-5.483169630761721055e+04
-5.483169577229148126e+04
-5.483169531051619560e+04
-5.483169490936167858e+04
-5.483169455790477514e+04
-5.483169424696198257e+04
-5.483169396884927119e+04
-5.483169371717572358e+04
-5.483169348665644065e+04
-5.483169327295074618e+04
-5.483169307251038117e+04
-5.483169288246886572e+04
-5.483169270053619402e+04
-5.483169252489753853e+04
-5.483169235414770810e+04
-5.483169218722842925e+04
-5.483169202336710441e+04
-5.483169186204140715e+04
-5.483169170292915805e+04
-5.483169154588563106e+04
-5.483169139090945828e+04
-5.483169123811650934e+04
-5.483169108771235915e+04
-5.483169093998766039e+04
-5.483169079527484428e+04
-5.483169065394635982e+04
-5.483169051639082318e+04
-5.483169038300372631e+04
-5.483169025415864598e+04
-5.483169013021474530e+04
-5.483169001148577809e+04
-5.483168989824430173e+04
-5.483168979071091599e+04
-5.483168968904960639e+04
-5.483168959336305124e+04
-5.483168950369962113e+04
-5.483168942004213750e+04
-5.483168934232146421e+04
-5.483168927042167343e+04
-5.483168920417945628e+04
-5.483168914339139883e+04
-5.483168908782320796e+04
-5.483168903721503011e+04
-5.483168899128775956e+04
-5.483168894975064904e+04
-5.483168891231029556e+04
-5.483168887866810837e+04
-5.483168884852500923e+04
-5.483168882159460918e+04
-5.483168879759995616e+04
-5.483168877627296024e+04
-5.483168875736670452e+04
-5.483168874063979456e+04
-5.483168872587318037e+04
-5.483168871286627109e+04
-5.483168870142830565e+04
-5.483168869138782611e+04
-5.483168868258939619e+04
-5.483168867489069817e+04
-5.483168866816629452e+04
-5.483168866229859123e+04
-5.483168865718705638e+04
-5.483168865273852134e+04
-5.483168864887293603e+04
-5.483168864551431034e+04
-5.483168864260150440e+04
-5.483168864007747470e+04
-5.483168863789503666e+04
-5.483168863600470650e+04
-5.483168863437235268e+04
-5.483168863296161726e+04
-5.483168863174684520e+04
-5.483168863069765939e+04
-5.483168862979496043e+04
