-5.397183862241856696e+04
-5.396920609156066348e+04
-5.396913728011233616e+04
-5.396915168179394823e+04
-5.396915458188365301e+04
-5.396915226716647885e+04
-5.396914688815233967e+04
-5.396913956081458309e+04
-5.396913104207805009e+04
-5.396912186354953155e+04
-5.396911239942885004e+04
-5.396910291125567892e+04
-5.396909357892903063e+04
-5.396908452274139563e+04
-5.396907581933205074e+04
-5.396906751341291238e+04
-5.396905962648248533e+04
-5.396905216334931902e+04
-5.396904511703470052e+04
-5.396903847246211808e+04
-5.396903220922949549e+04
-5.396902630368461541e+04
-5.396902073046901205e+04
-5.396901546365591639e+04
-5.396901047757831111e+04
-5.396900574742004392e+04
-5.396900124962746486e+04
-5.396899696218386816e+04
-5.396899286478082649e+04
-5.396898893891130865e+04
-5.396898516790424765e+04
-5.396898153691476909e+04
-5.396897803288144496e+04
-5.396897464445876540e+04
-5.396897136193042388e+04
-5.396896817710882169e+04
-5.396896508322376030e+04
-5.396896207480306475e+04
-5.396895914754767000e+04
-5.396895629820291651e+04
-5.396895352442789590e+04
-5.396895082466483291e+04
-5.396894819801014819e+04
-5.396894564408890437e+04
-5.396894316293475276e+04
-5.396894075487663940e+04
-5.396893842043408949e+04
-5.396893616022259084e+04
-5.396893397486966569e+04
-5.396893186494261317e+04
-5.396892983088871551e+04
-5.396892787298726034e+04
-5.396892599131353199e+04
-5.396892418571401504e+04
-5.396892245579199516e+04
-5.396892080090233503e+04
-5.396891922015415184e+04
-5.396891771242047980e+04
-5.396891627635300392e+04
-5.396891491040102119e+04
-5.396891361283327569e+04
-5.396891238176162005e+04
-5.396891121516531712e+04
-5.396891011091575638e+04
-5.396890906680019543e+04
-5.396890808054462832e+04
-5.396890714983496582e+04
-5.396890627233670239e+04
-5.396890544571242935e+04
-5.396890466763751465e+04
-5.396890393581374519e+04
-5.396890324798108486e+04
-5.396890260192748246e+04
-5.396890199549718091e+04
-5.396890142659719277e+04
-5.396890089320247353e+04
-5.396890039335990150e+04
-5.396889992519085354e+04
-5.396889948689319135e+04
-5.396889907674187270e+04
-5.396889869308935886e+04
-5.396889833436503250e+04
-5.396889799907423730e+04
-5.396889768579689553e+04
-5.396889739318580541e+04
-5.396889711996451661e+04
-5.396889686492522742e+04
-5.396889662692634738e+04
-5.396889640488999430e+04
