8.000000000000000444e-01
7.311969877926284278e-01
7.175294391607685007e-01
7.169374634680319991e-01
7.169340843013517484e-01
7.169352452333380699e-01
7.169361491605961145e-01
7.169367742515880826e-01
7.169371961801350723e-01
7.169374745924314007e-01
7.169376514156938773e-01
7.169377554435585331e-01
7.169378063317947136e-01
7.169378175236261752e-01
7.169377982865738907e-01
7.169377550979866287e-01
7.169376925739801010e-01
7.169376140886107862e-01
7.169375221842483326e-01
7.169374188440055251e-01
7.169373056728093330e-01
7.169371840181993916e-01
7.169370550515112850e-01
7.169369198227585338e-01
7.169367792979957077e-01
7.169366343848729839e-01
7.169364859501163867e-01
7.169363348310950901e-01
7.169361818434081268e-01
7.169360277852939722e-01
7.169358734393129762e-01
7.169357195723189413e-01
7.169355669334406267e-01
7.169354162508032591e-01
7.169352682268095300e-01
7.169351235328607075e-01
7.169349828028822591e-01
7.169348466270545339e-01
7.169347155447676201e-01
7.169345900384930248e-01
7.169344705277937990e-01
7.169343573642616985e-01
7.169342508278631065e-01
7.169341511242954823e-01
7.169340583840344561e-01
7.169339726632023568e-01
7.169338939455213167e-01
7.169338221463498195e-01
7.169337571176992441e-01
7.169336986545601365e-01
7.169336465022450033e-01
7.169336003640131016e-01
7.169335599094324163e-01
7.169335247824333290e-01
7.169334946093529615e-01
7.169334690065595206e-01
7.169334475871792511e-01
7.169334299675619304e-01
7.169334157724007728e-01
7.169334046393107673e-01
7.169333962224350154e-01
7.169333901951915333e-01
7.169333862523011858e-01
7.169333841108707084e-01
7.169333835112249309e-01
7.169333842169064441e-01
7.169333860141993142e-01
7.169333887116802195e-01
7.169333921388920672e-01
7.169333961454374959e-01
7.169334005994094650e-01
7.169334053862231881e-01
7.169334104068034730e-01
7.169334155765103578e-01
7.169334208235228489e-01
7.169334260874370424e-01
7.169334313181362495e-01
7.169334364745665322e-01
7.169334415234006608e-01
7.169334464383375627e-01
7.169334511989157166e-01
7.169334557898122684e-01
7.169334602001049550e-01
7.169334644224502062e-01
7.169334684526994517e-01
7.169334722892550804e-01
7.169334759326216888e-01
7.169334793850415943e-01
7.169334826501773117e-01
