5.619927113387325868e+00
1.307953523536769858e+01
-9.917700519376033697e+00
-1.944250887116770059e+02
3.925568470718190497e+02
-1.274433260789067162e+03
-1.790509695318179411e+02
4.290112434081904524e+01
-2.751953350778225627e+01
4.692955389292532686e+01
-1.059145750330952609e+02
3.010923008548299435e+02
4.980047816530804283e+01
-2.914401417901731861e+01
4.624910448944973496e+00
-4.511725553536776800e+01
6.046083591480663699e+01
-1.722186162818191519e+02
3.347102735443669275e+01
1.477418073969396950e+01
1.591557168942105749e+00
-1.411989536151900815e-01
-2.829820004879058715e+01
1.460619472929239926e+01
7.452330048490865977e+01
-8.351640310134794731e+01
-1.344919662399402398e+02
2.742663775417898933e+02
-6.941922381646977556e+02
5.706823720144951722e+02
-1.255270790610113210e+02
7.277780647519088006e+02
-4.644732597957573148e+02
1.198285108284405624e+03
3.798007336471554822e+02
-2.383451171839090250e+02
-3.774738848790833572e+02
8.177758116220759632e+01
1.239437902590080114e+02
-3.478997586624762306e+01
-5.602708678141646637e+00
5.447805907642440104e+01
-1.222138572291384122e+02
3.840225668008125695e+02
-5.783558798084840191e+02
6.959850854371940621e+00
-1.201037209232740288e+01
-4.974226309189338502e-01
-2.833419394636801059e+01
1.817270298717918209e+01
-7.959111620905167683e+01
6.660112245828265713e+02
4.047377632713043027e+01
-4.482789230684731230e+00
-4.171125662776210774e+00
-6.491760599945034294e+00
8.806949383952836996e+00
-1.344975260479369439e+01
-5.883940381897874161e+00
-3.613640665219645598e+02
7.402010554795182884e+01
-5.530532568285010342e+01
-3.806921629879665314e+00
-1.479941342203825450e+01
-9.952886467718460750e+00
-2.301021505743013762e+01
4.249777604533023556e+00
1.792695242646604186e+02
-5.149251322824962784e+01
1.271307327328205794e+01
8.931282131065556129e+00
4.618069919956555025e-01
-1.622100978294217200e+01
2.557380475347987314e+01
-2.586620342253336702e+01
-2.643884817726097936e+02
-1.059711122038595903e+02
1.206393411628136070e+00
-5.479061888266895153e+01
2.843177214021283561e+01
-5.657631715930171623e+01
-4.840290565245827281e+01
1.105481081564347505e+02
-5.365934898864001212e+01
-2.084583861240941616e+01
-2.880097327554030926e+02
-4.189755650315014464e+02
4.178101983996559738e+02
4.977848512702515222e+02
-5.947680816130733916e+01
-2.774217234399992904e+01
5.138407153253426429e+01
-1.164557883501061895e+02
7.845454849136635858e+02
-8.156879252759452470e+01
-8.654387119343867951e+00
-4.494677706171542830e+00
-2.786795471546819769e+01
3.034147916472157291e+01
-1.810662915984414383e+02
5.017128868589051649e+01
-9.641813000556389568e+00
-1.911785639377736046e-01
-1.143279959106128008e+00
4.557405794741264060e+00
-1.057622197825113197e+01
1.718328036891982791e+01
-2.118227980172524099e+02
-1.129265876610499220e+01
-9.793868940932934919e+00
1.211085621724287353e+00
-3.012109355394829269e+00
-9.104621427594301153e+00
5.822511230590963649e+00
-1.198470325495805078e+01
5.088704642069443906e+01
-1.720454295092331165e+01
-1.044596602798199036e+01
-2.222732230064058623e+00
-5.385170399747779335e+00
-4.934836283267323154e+00
1.924597382805240731e+00
-1.561290869271394222e+01
-3.767873253465710093e+01
1.203141149018868994e+01
4.823640451233390358e+00
-5.739194586728501690e+00
-8.055289368043746734e+00
-8.831964356199163646e+00
-2.737207646215305434e+00
-9.131105703815209917e-01
5.365246334323567368e+01
-2.311373668866153253e+02
-7.490198864742854568e+00
-3.361401236199704989e+00
-1.749435108851430387e+00
-6.755704099433857301e+00
-5.173127594025302756e+00
2.856416393559939593e+00
-2.111075936817141780e+02
4.939850406633650692e+01
-1.938693606106368605e+01
9.255885948969112320e+00
-1.894077685166175584e-01
4.545907561921930906e+00
-1.488052046208442647e+01
-5.077495423930589595e+02
5.883498849928763974e+01
-4.271841332710022243e+01
-3.073493574746768786e+01
3.293992795738702739e+01
-1.405301426609425732e+02
-9.376931020617806780e+02
4.526714810712135204e+02
3.140566065937683149e+01
1.783502350180816052e+02
-4.107111580525598811e+02
7.597804794092901659e+00
6.985683245785567763e+00
-2.888192341803598140e+01
4.495811265459850148e+01
-4.395614028045191617e+02
-5.741133608758809714e+02
-9.457729695909643297e+00
1.628657161055258484e+01
-7.464807730912078831e+00
9.822660490673666089e+00
-1.417787476834292626e+01
5.124144271230371572e+01
-6.849664129379996211e+02
-6.664734848634982711e+01
1.917737411975520345e+01
-9.465031597725836576e+00
6.958834063421861504e-01
-5.219824362071244117e+00
1.896210822209172475e+00
4.449307753861744819e-01
1.753994953658744693e+00
3.914123592459664458e+00
-7.700130549355895582e+00
2.856040601199596907e+00
-6.059542204438992385e+00
-2.425357988824566657e+00
-1.872195168504963592e+00
-2.474962466930809235e+00
-9.550340889364562713e+00
-9.010587313608334981e+00
7.292172189583487452e+00
-9.085121014749235613e+00
8.585372292508565151e-01
-5.132969257903651217e-01
-7.508117921108635073e+00
4.322072865521469076e+00
-5.796772876197150204e+00
-2.255852334842997742e+00
-1.206461524046219225e+01
4.474632247297473775e+00
-6.292295121929361024e-01
2.477126611421994085e+00
-6.205695888072479960e-01
-5.241505527693802513e+00
-1.432250423894321933e+01
5.769100666472693462e+01
-4.319845194600761218e+00
1.345400588724136703e+00
-5.775537273458509091e+00
-5.410333217215361756e+00
1.212724464287208370e+00
-3.438592252722061371e+00
1.787432897026313805e+00
-2.454856121344773783e+02
-1.870272271629514194e+01
-6.483033121984348668e+00
-3.206955200199311129e+00
1.957367867039210951e+00
-1.214202021470458170e+01
1.008627170812646057e+01
-7.667356864841380570e+01
1.705432462077806406e+02
-1.656368516356678455e+01
8.442458705440193389e-01
-7.161660667817036696e+00
-6.596862142099823245e+00
1.133327618570181983e+01
4.318558688736365525e+02
-2.074757554724307056e+02
-3.261803291302986452e+01
3.764961550012706049e+00
1.571408194633308142e+02
-3.283283863295088167e+01
-8.900616131553348964e+00
1.261595080462229745e+01
-3.778374855590068648e+01
-1.660537841228896738e+01
1.780403955048307907e+01
-4.535163624403860894e+01
-7.136946667637327657e+00
6.956611154188487856e-01
-1.179372258070901225e+01
1.750234783131976357e+01
-8.200212127609155743e+01
2.446804446283698269e+02
9.499388941043825696e+00
-1.144581482551386209e+01
1.402724729619503563e+00
-4.419079213804183226e+00
-9.944568224947002433e-01
-8.053201020136881993e+00
3.161477651248125742e+00
-3.672839318192274760e+01
-1.339534142906687286e+01
6.221032483989434425e+00
-1.256737246782070017e+01
-1.872002009595909344e+00
-4.396041985822476406e+00
-8.964613629457591770e+00
3.736313832170487625e+00
-1.992897924836881884e+00
-9.325889788268548752e-02
-5.994497946534416144e+00
-3.776855671550575444e+00
-4.223761968476325457e+00
-2.286652952597037144e-02
-8.788827503490544757e+00
-3.722416092975847635e-01
-1.108852691594478301e+01
-1.814328088200924682e+01
4.869032460343647450e+00
-6.745393302827004334e+00
-3.149439031585659521e+00
-9.463535379767369804e+00
2.601350512888805255e+00
-4.542031276089126379e+00
1.369642655783076002e+01
-6.236388143302775688e+01
7.088704086029203211e+00
-5.741933355327640598e+00
-1.949334204944568549e+00
-2.322186496766286634e+00
-6.682397494061616428e+00
9.705608503503524886e+00
-4.663676815862770297e+01
-3.857615154113182143e+02
1.173050432950422817e+01
3.589461302177552771e+00
-1.210181416573943514e+00
-4.930667494289550312e+00
9.987370733044492965e+00
-2.808657027686868091e+01
-1.881070903793788887e+02
-2.297720224897729793e+02
1.913509588931615113e+01
-1.763038721375864526e+01
4.068653319032495830e+00
-1.690799086999238199e+01
-1.019368833734191426e+01
-5.744355457898047916e+02
2.379789044695455686e+02
7.798262328505484220e+01
-1.291339126320253001e+02
-2.722174059485535125e+01
3.621382116465398759e+00
-3.734212662374394398e+01
-8.596256241794391428e+01
4.755817061153078384e+01
3.361708073710849565e+00
-1.242363392625592766e+01
7.255936752096230791e+00
-2.421612396898856545e+01
6.516116728145377124e+01
-1.235895645189133916e+02
-9.947886596451164465e+00
9.345220026600431495e-01
-1.113042748161700457e+00
-2.196927563263285421e+00
7.550510923970912280e+00
-1.777731980046589655e+01
-4.190051299453171652e+01
2.369842385276572827e+01
-8.707916945309483125e+00
1.300078415454022718e+01
-5.683936178445208043e+00
-2.433884409938491977e+00
8.180512902629288874e+00
-6.418977502527672740e+00
-3.176082375725620466e+00
-3.217612674730858657e+01
4.724865297982477230e+00
-6.791054381773546922e+00
-4.476694166872201563e+00
-8.795499961302255088e+00
2.436301632775979831e-01
-2.302059054380733105e+00
-6.503152851763833731e+00
2.303175964587279267e+01
-5.985150824016969295e-01
3.188842296264196907e+00
-6.606184712631654188e-01
6.884552335830198544e+00
-7.126634097824100955e+00
1.695352819156618907e+01
-6.811171520214763575e+01
-1.596377364692197034e+02
1.046671065187555882e+01
-1.001645957105556661e+01
2.720780130672462604e+00
-1.379004196032167284e+00
-2.761969608946239330e+00
-1.404716507886888799e+01
-1.044399378012320483e+02
-1.239427035105043302e+02
3.010461670061438610e+01
-2.722786173260552900e+01
9.135656014439501149e+00
-2.702621981544189111e+01
5.262644939446446735e+00
-1.762434229887759045e+02
5.846082914222062499e+01
-3.750729892918247543e+01
-1.631721458174169115e+01
3.332314654131591851e+03
-1.144379455537725562e+03
-1.380698680643994976e+03
2.848390557942361738e+03
-5.181761774183282796e+02
-2.129890188921877439e+02
2.448395174612750225e+01
-8.613348438708258925e+01
-1.020584777599975368e+01
-4.350203632392153281e+02
1.651459732919691078e+03
-1.758605769186060854e+02
3.417195958203422634e+01
-6.419535814278145125e+00
1.747573518883985599e+01
-1.747436654853180116e+01
-5.467742149799993712e+01
5.398477854264118605e+02
-5.299623100380945289e+02
3.247321618962497070e+01
-2.782702700279184072e+01
2.088012724392600106e+00
-1.290272050406210980e+01
-2.221005616206014111e+00
-3.039450716302865452e+00
-1.039206237334008165e+02
2.451641934533668064e+02
-3.610719291821379784e+01
1.159622293965483664e+01
-9.503386778017009817e+00
1.223104118216218117e+00
1.151209226007750552e-01
-2.313253214631277643e+01
6.988748976797076295e+01
-5.633550907095785760e+02
4.894560543296659461e+00
-7.781149832529645316e+00
6.580308348454208200e+00
-6.317859417165378133e+00
7.792987917928694941e+00
-1.684038309031775071e+01
-3.632815827751581423e+02
-1.156199285410789344e+02
-1.834271324804073799e+01
-2.639250505877161146e+01
-6.753395572538231306e+00
-4.840202423891536654e+01
-6.961990404163137214e+01
-8.051938977039181111e+01
7.126072271083138787e+01
-6.580015647498741771e+01
1.220876161428986819e+02
-2.443789205470766035e+02
-9.654303245771991726e+01
-6.507880186015055415e+02
-1.191648134140655486e+02
3.113217325183573791e+01
-2.837502021764516158e+01
-9.432780243006433807e+00
-7.206140775928457742e+01
3.901167532211293754e+00
1.357080684272413684e+01
-1.452714647783520618e+01
-5.323706530895491618e+00
-2.785409637429156593e+00
6.207700862330029601e+00
-6.898632815358925541e+01
-1.483885979167212668e+02
2.491664761047159615e+01
-9.647527019721128028e+00
-2.675773592651278232e+00
-2.539775027367746318e+01
8.425751396826966300e+01
1.036921017103862255e+02
-1.135686803879802085e+02
3.772905644726563423e+00
-2.489674948399461130e+01
-5.736369607626815359e+00
-3.789380967965851710e+02
1.171753529727477172e+02
1.678388734953979622e+01
-7.638151801956647446e+00
1.427343637092807285e+02
