2.000000
2.285392
0.872916
0.808985
0.554023
0.449213
0.360633
0.329073
0.295610
0.284599
0.270159
0.266029
0.268092
0.272441
0.280504
0.293724
0.314083
0.337092
0.325499
0.339181
0.366385
0.399514
0.437243
0.414369
0.434526
0.470681
0.530370
0.629401
0.683196
0.769050
0.821440
0.884172
0.905772
0.905972
0.906772
0.899675
0.879402
0.845907
0.811731
0.799503
0.788252
0.781677
0.780102
0.772249
0.758961
0.746682
0.730609
0.719839
0.713151
0.710130
0.708337
0.709323
0.709889
0.713741
0.720716
0.730576
0.746512
0.757536
0.764370
0.761480
0.749187
0.729382
0.723132
0.716400
0.712705
0.712441
0.714796
0.721841
0.727054
0.724576
0.725947
0.724535
0.724572
0.726877
0.729671
0.728212
0.723930
0.720279
0.714628
0.710203
0.706342
0.706742
0.709653
0.708229
0.710667
0.711318
0.712218
0.713232
0.714273
0.715830
0.717961
0.718374
0.716654
0.712007
0.709081
0.707084
0.706318
0.707229
0.709579
0.712488
0.714372
0.715330
0.714580
0.709644
0.705539
0.704465
0.706153
0.709770
0.711871
0.712404
0.708976
0.705636
0.703470
0.702220
0.704197
0.706423
0.707462
0.707120
0.704747
0.701982
0.699589
0.699286
0.700666
0.703140
0.704280
0.704568
0.703627
0.701501
0.700014
0.698647
0.699736
0.701147
0.702735
0.703014
0.701897
0.699953
0.698189
0.697876
0.698602
0.700572
0.702289
0.703210
0.701824
0.699599
0.697031
0.695553
0.695703
0.697430
0.699914
0.701645
0.701669
0.699867
0.697322
0.695251
0.694768
0.696052
0.698164
0.700348
0.701174
0.700443
0.698419
0.696423
0.695165
0.695601
0.697266
0.699362
0.700546
0.700241
0.698439
0.696153
0.694179
0.693802
0.695109
0.697382
0.699271
0.699792
0.698587
0.696573
0.694502
0.693072
0.692989
0.693522
0.693888
0.695351
0.696478
0.697215
0.697863
0.698456
0.698579
0.697927
0.695903
0.694406
0.693752
0.694298
0.695754
0.697328
0.698310
0.698260
0.697119
0.695413
0.693993
0.693403
0.693670
0.694206
0.694962
0.696127
0.696533
0.696286
0.695343
0.694252
0.693686
0.693846
0.693728
0.693770
0.693938
0.694037
0.694434
0.694579
0.694634
0.694856
0.695021
0.695138
0.695234
0.695311
0.695345
0.695248
0.695053
0.694396
0.693934
0.693717
0.693815
0.694259
0.694929
0.695416
0.695430
0.694917
0.693952
0.693020
0.692705
0.693055
0.693570
0.693997
0.694462
0.695094
0.695707
0.695645
0.694736
0.693660
0.692770
0.692595
0.692732
0.692737
0.692733
0.692732
0.692732
0.692732
0.692732
0.692732
0.692732
0.692732
0.692732
0.692732
0.692732
0.692732
0.692732
0.692732
0.692732
0.692732
0.692732
0.692732
0.692732
0.692732
0.692732
0.692732
0.692732
0.692732
0.692732
0.692732
0.692732
0.692732
0.692732
0.692732
0.692732
0.692732
0.692732
0.692732
0.692732
0.692732
0.692732
0.692732
0.692732
0.692732
0.692732
0.692732
0.692732
0.692732
0.692732
0.692737
0.692734
0.692733
0.692732
0.692732
0.692732
0.692732
0.692732
0.692732
0.692732
0.692732
0.692732
