62.302335
62.289764
62.570904
64.950580
69.573595
74.549420
80.366720
84.493382
90.352759
93.693124
98.395371
102.514325
100.376391
102.522671
104.718188
106.322869
108.124535
110.188858
109.125526
110.260346
112.213202
114.531139
117.439480
115.671854
117.250949
119.963911
123.937226
129.591334
132.283251
135.991422
138.180310
140.813923
142.313564
142.353696
142.515364
142.779552
143.209727
144.331184
146.872645
149.029916
153.470644
157.308714
160.078122
164.421755
169.835128
174.320698
179.593334
183.301886
186.772127
190.616569
195.216675
192.663912
194.863242
197.673897
202.275711
209.700085
218.616900
225.054873
229.465255
232.867094
235.677569
240.097131
242.123234
247.372731
254.830474
257.577805
260.816176
266.007088
274.291880
270.303749
275.844441
282.059772
287.986611
290.748886
293.426817
297.862202
301.946681
304.707053
308.662057
311.834654
316.805455
320.759054
324.024245
322.419822
324.220480
324.532816
325.021936
325.948232
327.650599
330.546269
335.723652
340.872965
342.876557
344.837472
346.906555
350.545945
353.832113
355.489205
357.081942
359.813534
364.979405
370.732038
372.579105
375.821264
380.652281
386.725284
391.134191
397.747702
403.189975
407.258704
414.903272
421.990251
428.081287
433.493971
438.289559
442.197269
446.211870
451.730639
460.307652
468.054244
476.258517
481.017867
483.945528
486.645494
489.911612
495.516770
506.376830
515.304301
525.297823
530.746330
533.572201
535.828456
539.576241
545.533500
553.232412
561.207362
567.748532
571.943911
575.120539
578.823044
584.743680
593.233094
602.359741
610.348847
616.352856
621.263621
625.123630
629.071698
633.705323
639.867337
646.947265
654.232943
660.914710
666.668372
671.191854
674.860406
678.635296
683.645028
689.780757
696.408743
702.415184
707.326617
711.561801
715.373359
719.782296
725.094454
732.238434
739.666600
747.785500
755.642129
763.227809
769.583111
774.781148
779.493958
785.042193
791.547104
797.974018
803.260813
807.711613
811.811440
815.352011
816.725311
817.460355
820.419231
822.972961
825.311271
828.530581
834.124813
842.766663
847.727858
855.300335
858.885731
860.745421
862.311304
865.352478
870.172213
876.401249
883.094564
889.014315
892.804551
894.639793
896.032305
898.050584
900.755347
905.368303
915.314230
923.289395
934.174500
942.318178
946.524931
947.894372
948.977465
948.172912
948.351540
949.067896
949.586092
951.668007
952.671870
953.191064
955.273180
957.445945
959.705893
962.630739
967.048945
974.542535
985.643550
991.272137
1000.039239
1002.277783
1001.189737
1000.405710
1002.939730
1011.038775
1022.732079
1034.016077
1044.559469
1053.143434
1057.161907
1057.025479
1056.271072
1057.393416
1059.722786
1063.872745
1072.429290
1086.724958
1094.315709
1109.070595
1115.089241
1114.806638
1111.869060
1114.164496
1114.086420
1114.149167
1114.161476
1114.163901
1114.164379
1114.164473
1114.164492
1114.164496
1114.164496
1114.164496
1114.164496
1114.164496
1114.164496
1114.164496
1114.164496
1114.164496
1114.164496
1114.164496
1114.164496
1114.164496
1114.164496
1114.164496
1114.164496
1114.164496
1114.164496
1114.164496
1114.164496
1114.164496
1114.164496
1114.164496
1114.164496
1114.164496
1114.164496
1114.164496
1114.164496
1114.164496
1114.164496
1114.164496
1114.164496
1114.164496
1114.164496
1114.164496
1114.164496
1114.164496
1114.164496
1114.164496
1114.086420
1114.127690
1114.149849
1114.158466
1114.162025
1114.163483
1114.164081
1114.164326
1114.164426
1114.164468
1114.164485
1114.164492
