-60781.627598
-60409.099909
-59865.227346
-59072.364570
-58535.756993
-57959.721632
-57641.461924
-57244.831506
-57012.806292
-56667.140142
-56389.968579
-56395.671598
-56249.993104
-56101.281426
-55987.974823
-55881.094444
-55777.488345
-55776.150159
-55719.001260
-55648.137531
-55592.152063
-55540.697428
-55571.662226
-55516.126764
-55487.056102
-55453.420978
-55417.296341
-55409.133485
-55379.854002
-55359.723826
-55336.409348
-55322.219448
-55319.042652
-55317.482955
-55312.028278
-55301.263238
-55284.838941
-55266.037600
-55256.610177
-55243.366341
-55232.914048
-55224.260932
-55212.769352
-55198.981203
-55188.985427
-55178.006529
-55169.744913
-55161.222552
-55153.300648
-55144.300790
-55143.089837
-55139.173711
-55133.494540
-55126.406624
-55115.978939
-55103.384238
-55094.596559
-55087.131468
-55079.673196
-55073.454538
-55067.586229
-55066.243390
-55058.855809
-55051.706218
-55048.363887
-55043.631885
-55037.855808
-55032.638803
-55031.832207
-55028.376416
-55024.335498
-55019.291330
-55015.377102
-55012.173437
-55008.219916
-55004.193246
-55001.039141
-54998.755680
-54997.024448
-54994.430628
-54992.907597
-54990.680207
-54990.555243
-54989.198349
-54987.648099
-54987.163057
-54986.520857
-54985.524264
-54983.984834
-54981.977026
-54979.968730
-54979.090837
-54977.811059
-54976.358298
-54974.494734
-54973.218290
-54972.018799
-54970.822773
-54969.390496
-54967.728168
-54966.205615
-54965.434889
-54963.995615
-54962.188291
-54960.846226
-54959.366712
-54957.376899
-54954.893778
-54953.389005
-54952.105894
-54950.292745
-54948.819526
-54947.456413
-54946.044791
-54944.650208
-54943.502652
-54942.449867
-54941.202373
-54939.755198
-54938.505773
-54937.117598
-54935.932739
-54934.902348
-54933.945785
-54933.061491
-54931.902167
-54930.361632
-54929.238017
-54927.992239
-54927.000540
-54926.135296
-54925.325024
-54924.533539
-54923.744207
-54922.931441
-54922.109045
-54921.348007
-54920.659373
-54919.960742
-54919.143499
-54918.173687
-54917.158002
-54916.255122
-54915.504066
-54914.823863
-54914.139727
-54913.440475
-54912.737258
-54912.018953
-54911.290139
-54910.584791
-54909.916529
-54909.261425
-54908.611103
-54908.001307
-54907.456402
-54906.950243
-54906.411720
-54905.879260
-54905.350969
-54904.858983
-54904.360660
-54903.829294
-54903.262112
-54902.684027
-54902.124038
-54901.568032
-54901.068600
-54900.547976
-54899.995628
-54899.387769
-54898.773932
-54898.202053
-54897.681183
-54897.182881
-54896.726494
-54896.353042
-54896.045152
-54895.736757
-54895.370197
-54894.970792
-54894.768923
-54894.652064
-54894.295742
-54894.042590
-54893.834783
-54893.576189
-54893.208979
-54892.812832
-54892.534532
-54892.029621
-54891.667068
-54891.329254
-54891.031467
-54890.716760
-54890.409774
-54890.088702
-54889.737179
-54889.358003
-54888.992616
-54888.662014
-54888.349599
-54888.081756
-54887.846450
-54887.546233
-54887.113538
-54886.797310
-54886.318674
-54885.856366
-54885.444017
-54885.097252
-54884.793354
-54884.998683
-54884.959045
-54884.815865
-54884.743291
-54884.507613
-54884.424486
-54884.384296
-54884.242749
-54884.110880
-54883.981417
-54883.821561
-54883.599655
-54883.288718
-54882.959502
-54882.719287
-54882.199449
-54881.837218
-54881.536847
-54881.259457
-54880.889722
-54880.498988
-54880.164905
-54879.881194
-54879.564626
-54879.191110
-54878.826537
-54878.526711
-54878.254512
-54878.050981
-54877.878429
-54877.665722
-54877.356210
-54877.045677
-54876.846837
-54876.376731
-54876.025713
-54875.722540
-54875.493320
-54875.658436
-54875.645948
-54875.655969
-54875.657949
-54875.658340
-54875.658417
-54875.658432
-54875.658435
-54875.658436
-54875.658436
-54875.658436
-54875.658436
-54875.658436
-54875.658436
-54875.658436
-54875.658436
-54875.658436
-54875.658436
-54875.658436
-54875.658436
-54875.658436
-54875.658436
-54875.658436
-54875.658436
-54875.658436
-54875.658436
-54875.658436
-54875.658436
-54875.658436
-54875.658436
-54875.658436
-54875.658436
-54875.658436
-54875.658436
-54875.658436
-54875.658436
-54875.658436
-54875.658436
-54875.658436
-54875.658436
-54875.658436
-54875.658436
-54875.658436
-54875.658436
-54875.658436
-54875.658436
-54875.658436
-54875.645948
-54875.652526
-54875.656079
-54875.657465
-54875.658038
-54875.658273
-54875.658369
-54875.658409
-54875.658425
-54875.658431
-54875.658434
-54875.658435
