-60184.602075
-59809.118469
-59287.668566
-58469.328020
-57911.515299
-57308.750393
-56986.346917
-56573.769213
-56314.603865
-55958.694112
-55675.865384
-55672.235728
-55531.050806
-55371.843446
-55253.281116
-55141.790452
-55026.001695
-55014.793781
-54962.426395
-54889.821789
-54828.767210
-54768.265507
-54798.028257
-54743.128374
-54709.949873
-54670.100241
-54623.436966
-54600.342825
-54566.886937
-54545.109948
-54517.723551
-54495.012198
-54494.220630
-54492.595060
-54486.878930
-54476.098200
-54459.917166
-54441.968216
-54431.523751
-54415.691343
-54403.369541
-54394.662200
-54381.654377
-54366.927435
-54355.199554
-54342.565215
-54333.668330
-54325.428232
-54316.651841
-54306.924090
-54307.808958
-54302.712781
-54297.882696
-54290.871138
-54280.929061
-54270.320796
-54261.965881
-54254.006945
-54245.685716
-54237.674976
-54227.677133
-54222.887515
-54214.898165
-54206.904828
-54203.474885
-54198.659204
-54192.083030
-54184.071512
-54183.010525
-54179.632083
-54175.085465
-54170.899769
-54168.451316
-54165.716118
-54161.910136
-54158.949559
-54157.164993
-54154.901527
-54152.841064
-54149.528008
-54146.469021
-54143.596095
-54143.196761
-54141.963257
-54141.699006
-54141.360597
-54140.823425
-54139.948192
-54138.670820
-54136.936673
-54135.322123
-54134.229559
-54132.313558
-54129.851318
-54126.994524
-54125.234807
-54124.460065
-54123.598907
-54122.517504
-54121.233917
-54119.924647
-54118.817993
-54116.525955
-54113.216092
-54110.785200
-54108.535252
-54106.650231
-54104.833037
-54103.933654
-54102.403328
-54099.616989
-54097.253627
-54095.162437
-54093.596970
-54092.617376
-54091.930320
-54091.106832
-54089.803652
-54087.896024
-54086.002526
-54084.102924
-54082.715907
-54081.986331
-54081.434818
-54080.705919
-54079.573308
-54077.686783
-54076.047252
-54074.019641
-54072.528522
-54071.538304
-54070.822215
-54070.137132
-54069.212573
-54068.026748
-54066.611488
-54065.371321
-54064.387010
-54063.663365
-54062.913783
-54061.998381
-54060.858670
-54059.560244
-54058.377185
-54057.244444
-54056.367380
-54055.618372
-54055.095918
-54054.507077
-54053.861158
-54053.060893
-54052.285979
-54051.553072
-54050.973357
-54050.548676
-54050.209542
-54049.808155
-54049.166065
-54048.341333
-54047.363599
-54046.518067
-54045.784392
-54045.257892
-54044.813264
-54044.437012
-54043.922084
-54043.246140
-54042.416762
-54041.517629
-54040.624789
-54039.870070
-54039.284739
-54038.872393
-54038.446642
-54037.895183
-54037.164895
-54036.440163
-54035.854047
-54035.450527
-54035.189830
-54035.078611
-54035.018012
-54034.964725
-54034.869702
-54034.753294
-54034.605643
-54034.375321
-54034.000028
-54033.515327
-54033.105975
-54032.347861
-54031.850809
-54031.476987
-54031.206260
-54030.912841
-54030.553950
-54030.082677
-54029.501864
-54028.883049
-54028.378898
-54028.070672
-54027.904847
-54027.768285
-54027.588543
-54027.278349
-54026.689070
-54026.116383
-54025.188876
-54024.353233
-54023.806464
-54023.604513
-54023.608415
-54023.584510
-54023.573807
-54023.547231
-54023.526888
-54023.503442
-54023.483071
-54023.464671
-54023.411636
-54023.342170
-54023.255345
-54023.129932
-54022.935384
-54022.633381
-54022.243909
-54021.868575
-54020.980916
-54020.338258
-54019.873789
-54019.557834
-54019.223306
-54018.879904
-54018.527488
-54018.137065
-54017.646285
-54017.078921
-54016.612244
-54016.361279
-54016.242262
-54016.146947
-54016.027293
-54015.833752
-54015.484881
-54014.997231
-54014.585614
-54013.570439
-54012.888685
-54012.548452
-54012.588295
-54012.542223
-54012.542986
-54012.542357
-54012.542249
-54012.542228
-54012.542224
-54012.542223
-54012.542223
-54012.542223
-54012.542223
-54012.542223
-54012.542223
-54012.542223
-54012.542223
-54012.542223
-54012.542223
-54012.542223
-54012.542223
-54012.542223
-54012.542223
-54012.542223
-54012.542223
-54012.542223
-54012.542223
-54012.542223
-54012.542223
-54012.542223
-54012.542223
-54012.542223
-54012.542223
-54012.542223
-54012.542223
-54012.542223
-54012.542223
-54012.542223
-54012.542223
-54012.542223
-54012.542223
-54012.542223
-54012.542223
-54012.542223
-54012.542223
-54012.542223
-54012.542223
-54012.542223
-54012.542223
-54012.542223
-54012.542986
-54012.542558
-54012.542351
-54012.542275
-54012.542244
-54012.542231
-54012.542226
-54012.542224
-54012.542223
-54012.542223
-54012.542223
-54012.542223
