-3.526985
63.278470
-76.899921
-7.495860
81.685863
0.155359
-101.766782
15.709908
-3.479555
-10.698241
-12.968893
-79.082109
39.243286
-24.705977
0.790155
-28.323205
31.076055
-21.437984
61.332799
8.364765
-3.846460
3.425084
-47.790421
16.778721
-18.849338
-112.387855
33.978707
21.851864
-63.493480
35.168871
36.582971
60.525320
48.699790
81.955315
-9.657955
-103.320910
-160.007210
-39.988261
64.347560
-37.759103
9.322066
19.921542
-56.170993
114.112747
-27.818300
9.821917
-7.950329
-7.123309
-15.725985
-5.227318
12.089441
2.515655
-30.627482
-16.668091
-3.524154
-4.547494
4.608658
-4.477424
-42.765248
-27.063172
48.345698
-42.411844
-3.561023
-16.822658
-7.103321
-29.075712
30.274892
-35.673135
-17.698638
2.767291
10.411742
-4.501621
-7.711709
11.722172
-26.330864
-90.297218
-90.012648
-0.556960
-32.328763
-3.920925
-19.107111
-37.220883
8.567231
-52.853882
-6.998080
-82.224081
-23.472898
23.612469
-24.348155
-20.069075
-19.914138
14.786396
-30.462252
4.064293
-54.950428
-6.989722
-9.550600
-21.401043
15.218902
-98.344493
-23.503928
-11.556635
-1.619840
0.819808
2.633732
-6.938990
-1.296497
-127.209948
-4.962433
-7.487069
1.551271
-3.821201
-8.756463
4.923576
-6.329270
19.634734
-16.072743
-12.067731
-2.690922
-4.451590
-5.289330
2.625766
-19.288026
-16.273139
10.491831
4.956618
-5.090356
-8.635074
-9.532719
-0.800918
-0.903879
35.416480
-198.041899
-5.055456
-5.597873
-0.883678
-5.071927
-8.524748
-2.048020
-157.597480
13.295118
-2.899765
1.802606
1.258015
-5.260823
-4.119844
-68.950597
-44.074057
-11.419674
-29.108133
40.951390
-69.445697
-5.555150
90.105973
122.963743
8.469889
-210.435866
-5.707713
4.410238
-18.081163
21.106712
-227.106297
-185.310200
-26.863731
16.291056
-5.507071
6.929153
-7.389980
16.985007
-236.047059
-48.082087
19.108920
-8.515306
-0.102390
-4.331313
0.633537
5.748291
-38.815055
0.904767
-8.017178
2.435154
-5.671041
-2.764097
-1.391216
-4.023757
1.511177
-7.598041
7.759604
-8.843475
0.489855
-0.196265
-8.025672
5.613272
-12.474146
-3.491778
-12.365027
4.255918
-0.360795
2.372755
-0.721215
-5.861749
-8.521662
41.068164
-3.677104
1.621079
-5.927486
-5.464812
1.485999
-0.728026
-15.192389
-241.868987
-9.112827
-10.526307
-1.430273
0.858276
-8.610955
6.928786
-135.179651
38.285767
14.013051
-8.267452
-5.152866
-11.688631
-13.461902
23.793176
-47.732152
-41.480975
-1.224955
-90.075185
-19.079982
-6.668826
4.043789
-21.338312
-174.757359
-83.893353
-22.168579
-7.634855
-1.218680
-8.763784
10.482589
-49.017709
-76.188812
-36.030555
-13.483501
1.063331
-4.005357
-2.039301
-6.436579
-1.717987
-15.365402
-3.048678
7.219766
-12.309507
-2.116817
-3.869163
-9.726925
5.320971
-7.663897
-7.429522
-6.854053
-3.865400
-3.969641
-0.454444
-8.091669
-1.738952
-7.992265
-9.184805
5.691055
-6.660291
-3.410502
-9.049892
2.061067
-3.189221
9.941771
-63.973579
5.493317
-5.750473
-1.771451
-2.851235
-5.740222
5.572673
-27.565088
-243.154053
3.020921
7.074225
-2.778307
-2.933874
5.168215
-22.940067
-141.031678
-126.212695
-6.243520
-10.127175
0.592854
-8.935109
7.746700
17.034073
14.611965
20.795503
15.580499
-18.174021
-10.272738
-19.137827
-99.732358
0.104778
6.499473
-8.878992
1.743244
-10.382900
6.796452
75.482631
-10.461122
1.411983
-1.646140
0.042637
3.728154
-9.987199
-9.100363
-25.472047
-9.463295
12.922513
-5.621893
-3.432050
9.796927
-8.933265
-12.579343
2.730282
5.285174
-6.700612
-4.682189
-8.050575
-1.114738
-0.028162
1.679948
-14.906933
-1.239912
2.751300
-0.145415
5.935155
-5.433322
13.711729
-72.689387
-157.279366
13.117783
-9.117907
1.828559
0.372892
-6.606342
-2.596900
-146.441289
-108.851958
21.030020
-22.634303
3.019192
-12.112133
-12.771907
-130.133263
39.860702
-27.315389
-46.609414
-6.024164
-41.703426
-39.065707
-4.316655
-86.452762
-265.822490
21.349312
-80.971918
-58.883262
-51.688155
25.770775
-166.981928
34.110702
-5.533615
14.359992
-10.060237
-73.606604
64.462935
-63.374328
28.614598
-27.334953
1.935441
-11.606495
-4.572692
-0.568876
67.588384
-110.781820
-31.021319
10.263010
-8.539571
-0.074148
2.158678
-24.610403
-96.084039
-154.008569
3.136266
-6.510336
5.048821
-4.490829
4.784823
-13.999226
-133.386580
-138.960205
-17.527423
-23.135964
-11.643610
-35.991031
-111.463209
-65.393993
53.595224
-44.722654
65.775703
-119.186079
-84.722322
-104.653760
-76.863030
22.560229
-59.070708
-0.605105
-97.340242
-24.241771
-52.749108
-2.701315
-2.562793
-1.875243
0.363172
16.914446
-110.153405
17.359294
-11.688736
-3.989927
-14.981883
-22.717703
-21.152491
-86.081703
0.132105
-17.645617
-35.795526
-117.624784
73.877981
12.054058
-3.847346
144.362785
-0.367112
