8.000000000000000444e-01
2.950128801281533542e-01
6.846491345178525867e-01
7.931442982242143946e-01
6.872589072465185023e-01
6.876560560777890130e-01
6.894812126708114164e-01
6.908722831201105086e-01
6.927418648240002419e-01
6.944899334430127968e-01
6.954613114981640365e-01
6.962994617719402424e-01
6.969036007322045867e-01
6.972170279078060418e-01
6.984721468595692651e-01
6.987504192141379411e-01
6.998646177154335124e-01
7.001619927369215901e-01
7.013527569171597031e-01
7.015356721040997279e-01
7.022678100253277877e-01
7.024714157968940942e-01
7.032864293606145845e-01
7.033979691239201637e-01
7.038443051049425581e-01
7.039838127842801274e-01
7.045421200720370924e-01
7.046781336711109844e-01
7.052224506957203154e-01
7.053983722662529043e-01
7.061024975037815121e-01
7.062684618356236399e-01
7.069327093419587316e-01
7.069655312487169718e-01
7.070968341152138459e-01
7.076222894918918760e-01
7.077933143105868963e-01
7.084778270341686168e-01
7.085203965512022473e-01
7.086907001991443744e-01
7.093723242400251650e-01
7.094169555582465758e-01
7.095955089134213800e-01
7.103101718486923843e-01
7.097418959257613125e-01
7.097770245414771750e-01
7.099175563920806509e-01
7.104799620947345185e-01
7.100355873252248706e-01
7.103288434777307314e-01
7.100956027666031067e-01
7.101164217837321324e-01
7.101997039562738534e-01
7.105329303308985933e-01
7.105477834361940692e-01
7.106071989623602425e-01
7.108449107540413259e-01
7.108682463062613310e-01
7.109615961759665481e-01
7.113351182561644670e-01
7.113533813221368796e-01
7.114264382750697946e-01
7.117187411249852325e-01
7.117629586295033395e-01
7.119398561206358167e-01
7.126478858453449972e-01
7.120952842932756210e-01
7.121576645675974371e-01
7.124072403154297906e-01
7.124548788411179112e-01
7.126454648017849225e-01
7.134083186097491813e-01
7.134261078802496270e-01
7.134972693982251091e-01
7.137819864580920992e-01
7.138279590671234853e-01
7.140118791147685995e-01
7.140373929800885033e-01
7.141394575585914284e-01
7.145478617846718894e-01
7.145706507522534556e-01
7.146618138908625850e-01
7.150265827637927174e-01
7.150568916428868826e-01
7.151781400072764194e-01
7.156633390940515538e-01
7.152834451946415983e-01
7.153232059215650640e-01
7.154822709324307750e-01
7.161188847642843136e-01
7.156217905344436359e-01
7.156857452730392977e-01
7.159416213885396729e-01
7.160096704549452351e-01
7.162819314062272014e-01
7.163708237869818030e-01
7.167265036413615897e-01
7.168235450704806277e-01
7.172118421943211031e-01
7.172920348520578360e-01
7.176128951577850357e-01
7.177021198039950090e-01
7.180591293404001707e-01
7.181802999764715922e-01
7.182331892425996012e-01
7.184447852594538775e-01
7.185522779375935754e-01
7.186191609082767107e-01
7.186624850473691817e-01
7.188358077245872169e-01
7.189536249172920890e-01
7.189296437760448466e-01
7.187143221484391109e-01
7.181781275114155205e-01
7.184324083695753371e-01
7.174842437483637259e-01
7.180573548714374033e-01
7.167174012290606910e-01
7.150355865827534574e-01
7.161987170224444199e-01
7.148271786425030028e-01
7.154985481288465010e-01
7.146660089994855136e-01
7.152423183561310571e-01
7.148030188727630962e-01
7.151022289337072291e-01
7.148827992160802225e-01
7.150053717537896425e-01
7.149792057588737482e-01
7.151657278367753445e-01
7.150465723515241345e-01
7.151511344556296113e-01
7.151961570364901988e-01
7.151596663602299842e-01
7.151527653281568586e-01
7.151514467234709738e-01
7.151511942426471702e-01
7.151511458955247535e-01
7.151511366630901589e-01
7.151511348724377548e-01
7.151511345322983937e-01
7.151511347567903742e-01
7.151511345652006302e-01
7.151511345341573511e-01
7.151511345323028346e-01
7.151511345322983937e-01
7.151511345322983937e-01
7.151961570364901988e-01
7.151716420532073792e-01
7.151590731227007725e-01
7.151543203312730190e-01
7.151524080688321794e-01
7.151516444113024118e-01
7.151513385489259855e-01
7.151512161806012902e-01
7.151511671028606409e-01
7.151511475397988038e-01
7.151511396389939046e-01
7.151511365119606056e-01
