6.066198172957286260e+03
6.066198300231163557e+03
6.066198192551883949e+03
6.066195958384125333e+03
6.066198124596414345e+03
6.066197931767432237e+03
6.066197709066500465e+03
6.066197496129799219e+03
6.066197290372195312e+03
6.066197068234063408e+03
6.066196961862664466e+03
6.066196857751583593e+03
6.066196778056183575e+03
6.066196736758531188e+03
6.066196571661002963e+03
6.066196534990782311e+03
6.066196388384387319e+03
6.066196337616290293e+03
6.066196134638686090e+03
6.066196097830864346e+03
6.066195950640705632e+03
6.066195906564968936e+03
6.066195730319931499e+03
6.066195705014893974e+03
6.066195603815758659e+03
6.066195569983022324e+03
6.066195434692405797e+03
6.066195398810975348e+03
6.066195255330205327e+03
6.066195205673642704e+03
6.066195007135289416e+03
6.066194953437168806e+03
6.066194738734821840e+03
6.066194727563971355e+03
6.066194682884541180e+03
6.066194504230416896e+03
6.066194437997610294e+03
6.066194173190179754e+03
6.066194156701007159e+03
6.066194090752643206e+03
6.066193827092262836e+03
6.066193808495071607e+03
6.066193734116474843e+03
6.066193436764738180e+03
6.066193673163254971e+03
6.066193656224275401e+03
6.066193588475756769e+03
6.066193317600040245e+03
6.066193531594132764e+03
6.066193390344767977e+03
6.066193502678238474e+03
6.066193492117032292e+03
6.066193449875051556e+03
6.066193280952505120e+03
6.066193272609363703e+03
6.066193239238559727e+03
6.066193105783629107e+03
6.066193092099499154e+03
6.066193037367935176e+03
6.066192818521046320e+03
6.066192807400456331e+03
6.066192762921577014e+03
6.066192585061708996e+03
6.066192554131308498e+03
6.066192430433693517e+03
6.066191936026982148e+03
6.066192321805770007e+03
6.066192274459362125e+03
6.066192085127813698e+03
6.066192045760380097e+03
6.066191888326504341e+03
6.066191259164731491e+03
6.066191242815624719e+03
6.066191177424927446e+03
6.066190915953660806e+03
6.066190870587253812e+03
6.066190689165553522e+03
6.066190662337580761e+03
6.066190555041161133e+03
6.066190126103059811e+03
6.066190099696726975e+03
6.066189994086425941e+03
6.066189571885658552e+03
6.066189532563277680e+03
6.066189375305600151e+03
6.066188746784505383e+03
6.066189238789006595e+03
6.066189179275992501e+03
6.066188941291309675e+03
6.066187990430470563e+03
6.066188732681696820e+03
6.066188625230069192e+03
6.066188195628879839e+03
6.066188068022689549e+03
6.066187557875358834e+03
6.066187374377273045e+03
6.066186640963689570e+03
6.066186418709171448e+03
6.066185530514680067e+03
6.066185319487452944e+03
6.066184476076000465e+03
6.066184179235586271e+03
6.066182993133267701e+03
6.066182531426159585e+03
6.066182278794169179e+03
6.066181269087021974e+03
6.066180635241141317e+03
6.066180132717060587e+03
6.066179620068443910e+03
6.066177572288026568e+03
6.066174786023420893e+03
6.066170857000926844e+03
6.066165781688925563e+03
6.066160472297682645e+03
6.066162988394537024e+03
6.066158835529840871e+03
6.066161345449962027e+03
6.066158013042525454e+03
6.066154304474674063e+03
6.066156869373945483e+03
6.066153234733827958e+03
6.066155013915620657e+03
6.066150016752109877e+03
6.066153475919519224e+03
6.066147525306590978e+03
6.066151577920390991e+03
6.066144765962400015e+03
6.066148570265247145e+03
6.066141294068502248e+03
6.066132495701529479e+03
6.066138114829926963e+03
6.066135550087634329e+03
6.066134746629321853e+03
6.066135397820631624e+03
6.066135520981475565e+03
6.066135544514582762e+03
6.066135549020614235e+03
6.066135549883467320e+03
6.066135550048239566e+03
6.066135550080195571e+03
6.066135550086266448e+03
6.066135550082260124e+03
6.066135550085679824e+03
6.066135550086234616e+03
6.066135550086266448e+03
6.066135550086266448e+03
6.066135550086266448e+03
6.066134746629321853e+03
6.066135184100528022e+03
6.066135408407865725e+03
6.066135493229506210e+03
6.066135527357463616e+03
6.066135540986446358e+03
6.066135546445176260e+03
6.066135548629087680e+03
6.066135549504980190e+03
6.066135549854121564e+03
6.066135549995128713e+03
6.066135550050938036e+03
