-5.483484252389858739e+04
-5.487104108518216526e+04
-5.483215617554696655e+04
-5.492404830791075801e+04
-5.483211475855766912e+04
-5.483206476064498565e+04
-5.483203609157968458e+04
-5.483200556768376555e+04
-5.483198303459973249e+04
-5.483197229348186374e+04
-5.483196431239786762e+04
-5.483195917271537473e+04
-5.483195667923516885e+04
-5.483195552586804843e+04
-5.483195453708562127e+04
-5.483195361629359832e+04
-5.483195233295551589e+04
-5.483195152648010117e+04
-5.483195101626862743e+04
-5.483195055685542320e+04
-5.483194955144701817e+04
-5.483194907394806796e+04
-5.483194874537941359e+04
-5.483194845478604111e+04
-5.483194772609249048e+04
-5.483194735545677395e+04
-5.483194672440550494e+04
-5.483194633731961221e+04
-5.483194542976143566e+04
-5.483194494872126234e+04
-5.483194421233896719e+04
-5.483194380075703521e+04
-5.483194397585136176e+04
-5.483194388675217488e+04
-5.483194356279401836e+04
-5.483194278595942160e+04
-5.483194246428271435e+04
-5.483194249838462565e+04
-5.483194242234281410e+04
-5.483194218027037277e+04
-5.483194220563879207e+04
-5.483194214485448902e+04
-5.483194199486982689e+04
-5.483194288558942208e+04
-5.483194198309462809e+04
-5.483194194970265380e+04
-5.483194186105922563e+04
-5.483194222537694441e+04
-5.483194184214968118e+04
-5.483194201451806293e+04
-5.483194185197427578e+04
-5.483194183311393863e+04
-5.483194177199009573e+04
-5.483194175660494511e+04
-5.483194173942945054e+04
-5.483194168064230325e+04
-5.483194160400690453e+04
-5.483194157195113803e+04
-5.483194146998721408e+04
-5.483194148235736793e+04
-5.483194145250342990e+04
-5.483194134865469096e+04
-5.483194118228698062e+04
-5.483194110100407852e+04
-5.483194085875219753e+04
-5.483194121596657351e+04
-5.483194075536304445e+04
-5.483194064005046675e+04
-5.483194042941819498e+04
-5.483194033629556361e+04
-5.483194005127831042e+04
-5.483194031081644789e+04
-5.483194028138164140e+04
-5.483194017870858079e+04
-5.483194000909898750e+04
-5.483193994768762059e+04
-5.483193984178853862e+04
-5.483193980554529844e+04
-5.483193968960838538e+04
-5.483193969039984222e+04
-5.483193965408051008e+04
-5.483193953532988235e+04
-5.483193948480740073e+04
-5.483193942913975479e+04
-5.483193926736726280e+04
-5.483193959457472374e+04
-5.483193920592775976e+04
-5.483193911521165137e+04
-5.483193884972230444e+04
-5.483193934581385111e+04
-5.483193874512681214e+04
-5.483193858228443423e+04
-5.483193824480372859e+04
-5.483193804970823112e+04
-5.483193757292180817e+04
-5.483193729344931489e+04
-5.483193682182541670e+04
-5.483193649559630285e+04
-5.483193618877969129e+04
-5.483193589043014799e+04
-5.483193544979231956e+04
-5.483193505308772001e+04
-5.483193441065061052e+04
-5.483193391595224966e+04
-5.483193356905447581e+04
-5.483193279739993159e+04
-5.483193196681070549e+04
-5.483193116946441296e+04
-5.483193013246326154e+04
-5.483192727475851279e+04
-5.483192268389063247e+04
-5.483191737168894906e+04
-5.483191104734793043e+04
-5.483190412567552266e+04
-5.483190437866048160e+04
-5.483189680492521438e+04
-5.483189731036692683e+04
-5.483187751556238072e+04
-5.483187074306324939e+04
-5.483186820358568366e+04
-5.483185170319658937e+04
-5.483185517479429836e+04
-5.483185342638033035e+04
-5.483185018400655827e+04
-5.483184959109067859e+04
-5.483184725565550616e+04
-5.483184546230100386e+04
-5.483184481177206180e+04
-5.483184194737882353e+04
-5.483184216200012452e+04
-5.483184114606212097e+04
-5.483184090270786692e+04
-5.483184095072796481e+04
-5.483184091019270272e+04
-5.483184090407964686e+04
-5.483184090296945215e+04
-5.483184090275823110e+04
-5.483184090271664172e+04
-5.483184090270999150e+04
-5.483184090270836896e+04
-5.483184090270713205e+04
-5.483184090270794695e+04
-5.483184090270789602e+04
-5.483184090270853630e+04
-5.483184090270751039e+04
-5.483184090270874003e+04
-5.483184090270713205e+04
-5.483184095072796481e+04
-5.483184092197268910e+04
-5.483184090964850475e+04
-5.483184090541427577e+04
-5.483184090377724351e+04
-5.483184090313642082e+04
-5.483184090287861181e+04
-5.483184090277781070e+04
-5.483184090273507172e+04
-5.483184090271998139e+04
-5.483184090271273453e+04
-5.483184090271007153e+04
