-5.397183861922811047e+04
-5.401325110295474587e+04
-5.397038108835554158e+04
-5.405669650086722686e+04
-5.397019461563059303e+04
-5.397031452442354203e+04
-5.397029759574613126e+04
-5.397031957004025026e+04
-5.397020598290975613e+04
-5.397018549001352949e+04
-5.397014014172306634e+04
-5.397012508734859875e+04
-5.397012229400005890e+04
-5.397011485318997438e+04
-5.397008870434941491e+04
-5.397007680941078434e+04
-5.397003162569510459e+04
-5.397002849502812751e+04
-5.397001868074942468e+04
-5.397001837196240376e+04
-5.397001796675278456e+04
-5.397001875251120509e+04
-5.397002347351785284e+04
-5.397002186539363174e+04
-5.397001586593940010e+04
-5.397001240535980469e+04
-5.396999941369146109e+04
-5.396999701014188031e+04
-5.396998803587690782e+04
-5.396998050301498733e+04
-5.396995156054781546e+04
-5.396995206123757089e+04
-5.396995588358624082e+04
-5.396995507019623619e+04
-5.396995184910720127e+04
-5.396993948430828459e+04
-5.396993949280800734e+04
-5.396994084765896696e+04
-5.396993941092478781e+04
-5.396993372616593115e+04
-5.396991198200339568e+04
-5.396991112652137963e+04
-5.396990779784959159e+04
-5.396989597535724170e+04
-5.396990518073880958e+04
-5.396990499188730610e+04
-5.396990428146947670e+04
-5.396990215964546951e+04
-5.396990374050957325e+04
-5.396990261647135048e+04
-5.396990348494458158e+04
-5.396990312041174184e+04
-5.396990167662502063e+04
-5.396989613099777489e+04
-5.396989588451907912e+04
-5.396989490853581810e+04
-5.396989116350856784e+04
-5.396989051010234834e+04
-5.396988792280256894e+04
-5.396987799481218826e+04
-5.396987699033098761e+04
-5.396987298802230362e+04
-5.396985722864375566e+04
-5.396985653144260141e+04
-5.396985382580626174e+04
-5.396984433406621247e+04
-5.396985155888697773e+04
-5.396985011675117130e+04
-5.396984459960139793e+04
-5.396984266412352736e+04
-5.396983501023306599e+04
-5.396980580303320312e+04
-5.396980569181695319e+04
-5.396980526209415257e+04
-5.396980378548079170e+04
-5.396980304713125224e+04
-5.396980023408470151e+04
-5.396979924947683321e+04
-5.396979534028072521e+04
-5.396978017126252234e+04
-5.396977902933015139e+04
-5.396977448834779352e+04
-5.396975675237579708e+04
-5.396975536737600487e+04
-5.396974988874061091e+04
-5.396972895597859315e+04
-5.396974521090076450e+04
-5.396974337983908481e+04
-5.396973615390429040e+04
-5.396970882318646909e+04
-5.396972994664740690e+04
-5.396972831210414006e+04
-5.396972209049217054e+04
-5.396972032805738854e+04
-5.396971358576693456e+04
-5.396970769390388159e+04
-5.396968478065313684e+04
-5.396967640768604906e+04
-5.396964392536177184e+04
-5.396963930752805754e+04
-5.396962159825149138e+04
-5.396961675888530590e+04
-5.396959836182028084e+04
-5.396958486498668935e+04
-5.396958242923740909e+04
-5.396957331277591584e+04
-5.396956022483011475e+04
-5.396954784243334143e+04
-5.396953611250683753e+04
-5.396949051815947314e+04
-5.396946163758623879e+04
-5.396939236240606988e+04
-5.396929038475356356e+04
-5.396928610475384630e+04
-5.396928506829283288e+04
-5.396927630856020551e+04
-5.396927750342802756e+04
-5.396924636390745582e+04
-5.396925391777171899e+04
-5.396924142920743907e+04
-5.396929812978431437e+04
-5.396926571527787019e+04
-5.396935342416640196e+04
-5.396928821993480233e+04
-5.396923063481834834e+04
-5.396926710160260700e+04
-5.396922661053097545e+04
-5.396924756220982817e+04
-5.396919061094889184e+04
-5.396917102758918190e+04
-5.396918264482569066e+04
-5.396918316560716630e+04
-5.396918368233349611e+04
-5.396918326186403283e+04
-5.396918318394647940e+04
-5.396918316911644069e+04
-5.396918316627897730e+04
-5.396918316573570337e+04
-5.396918316563195549e+04
-5.396918316561186657e+04
-5.396918316560803214e+04
-5.396918316561054235e+04
-5.396918316560839594e+04
-5.396918316560803942e+04
-5.396918316560801031e+04
-5.396918316560803214e+04
-5.396918316560803214e+04
-5.396918368233349611e+04
-5.396918339828650642e+04
-5.396918325514595199e+04
-5.396918320145914186e+04
-5.396918317992662196e+04
-5.396918317133861274e+04
-5.396918316790065001e+04
-5.396918316652549402e+04
-5.396918316597400553e+04
-5.396918316575419885e+04
-5.396918316566541034e+04
-5.396918316563026747e+04
