-1.054891792634563563e+00
1.678206508421543219e+01
-1.348398029927790809e+01
-1.918306069091912320e+02
3.897249780440102995e+02
-1.257520503779905766e+03
-1.775581446048301189e+02
4.203688809645812796e+01
-2.655492635283015446e+01
4.626754908315179904e+01
-1.046415884535358600e+02
2.934483266591723805e+02
4.908906385287098573e+01
-2.886481433719739087e+01
4.185163230608919704e+00
-4.464168060651682879e+01
5.898519472891277360e+01
-1.643326098069350962e+02
3.621835918579134983e+01
1.400300231856897248e+01
2.405765083503250246e+00
-1.060406674774577951e+00
-2.502125845623197620e+01
8.492962585463695313e-02
7.227153233467693383e+01
-7.995568054324246532e+01
-1.404559910067048918e+02
2.813496295530557632e+02
-7.116285251074933740e+02
5.936493115693533582e+02
-1.378050844245778137e+02
7.438252750814469891e+02
-4.767186319541145281e+02
1.223983545023420447e+03
3.832646067145819870e+02
-2.436719653118423139e+02
-3.746720526371863116e+02
6.826874058582168914e+01
1.232520254364877559e+02
-3.476260369136212347e+01
-5.393102470093913858e+00
5.472474528705556196e+01
-1.236065674567084045e+02
3.899802762554667765e+02
-5.912707576821933344e+02
7.511974229195878650e+00
-1.215395736654884473e+01
-4.832658444804663889e-01
-2.850751102019262717e+01
1.860982028096617924e+01
-8.119957370835885513e+01
6.838339166663311062e+02
4.338314798291386154e+01
-4.866170944753227090e+00
-4.033049116081254937e+00
-6.533970006131469610e+00
8.846235683800639293e+00
-1.340946244535497733e+01
-6.305658552739519251e+00
-3.635553656810186567e+02
7.369862952171769166e+01
-5.552771293247274542e+01
-3.813462840460825731e+00
-1.481419643604272274e+01
-9.930990214674764616e+00
-2.331622653472906137e+01
5.455064885588158496e+00
1.784459993674114742e+02
-5.169743473007261514e+01
1.368546133538767506e+01
8.538161409245436317e+00
7.825113337869560315e-01
-1.660860600053193181e+01
2.640340912425764941e+01
-2.741706450856014143e+01
-2.647608594833953362e+02
-1.100795257645867480e+02
2.940393078272939054e+00
-5.577320686414848439e+01
2.917663022692950392e+01
-5.752543467061389038e+01
-4.986863078353630385e+01
1.106350466175139786e+02
-5.361105572585299228e+01
-2.202344691249590980e+01
-2.884789655225314959e+02
-4.212348861630579222e+02
4.246246933928197791e+02
4.951465202090982984e+02
-5.938197159596982289e+01
-2.744323008792904872e+01
5.099223883096202314e+01
-1.149343501095640647e+02
7.764920418193337355e+02
-8.131571697088068618e+01
-8.819608528122540037e+00
-4.392948630272045740e+00
-2.810074136470186446e+01
3.094634070115361268e+01
-1.830731299434032735e+02
5.131727814350796990e+01
-9.800994521887256283e+00
-1.001757586030479485e-01
-1.215398958920054673e+00
4.676884815597654566e+00
-1.076830152086200165e+01
1.750060838752654035e+01
-2.158198612328461365e+02
-1.167025802996990969e+01
-9.653938432945603054e+00
1.125362735580116569e+00
-2.941229721079764214e+00
-9.161925010571810191e+00
5.860114971040556675e+00
-1.186032040828996159e+01
5.099727869391870883e+01
-1.725256741184898956e+01
-1.045961072619267362e+01
-2.170863903575840137e+00
-5.451512378014667703e+00
-4.899402655975254817e+00
1.948158121228037887e+00
-1.590919874097665421e+01
-3.727961285445008599e+01
1.259417655288564575e+01
4.607280356608399075e+00
-5.672994007727412580e+00
-8.044586506319864938e+00
-8.766848861748789190e+00
-2.913066863609845125e+00
-4.507405902122889607e-01
5.351261201930983447e+01
-2.357905727725973577e+02
-6.383598947120884937e+00
-3.796506090590880511e+00
-1.686251874301375464e+00
-6.907300408341859210e+00
-5.027330498698018069e+00
2.958883221161108690e+00
-2.165525605575942905e+02
4.819740332905741553e+01
-1.887148850870272199e+01
9.431660192140666865e+00
-7.757540244855405664e-02
4.738269368094583989e+00
-1.520509841642349080e+01
-5.160697141776578292e+02
6.084614833810329770e+01
-4.495328111854620801e+01
-3.029061490360951581e+01
3.124484269982507811e+01
-1.346434726799660950e+02
-9.325060102690135864e+02
4.654886249420360400e+02
1.641616486544901932e+01
1.958827566681440828e+02
-4.105183928604390644e+02
7.868592953739778295e+00
6.761774267407252736e+00
-2.860023984790701235e+01
4.397645261655971183e+01
-4.334098031557869035e+02
-5.944717610357542981e+02
-9.379734894168532122e+00
1.632912003943523160e+01
-7.500576045249649049e+00
9.905444067766529415e+00
-1.436970374555565044e+01
5.182885583791403405e+01
-7.055912403669885862e+02
-6.638922438304661000e+01
1.932640441761576611e+01
-9.531825852411845545e+00
7.356213550767329856e-01
-5.259574260731167961e+00
1.931761761409606537e+00
5.380186562542663697e-01
2.684186711503959266e+00
3.784028705624999045e+00
-7.783073432282336945e+00
2.906725608900821545e+00
-6.098979925100948662e+00
-2.401850030669069991e+00
-1.883463284954962402e+00
-2.575389266693834944e+00
-9.534100465341438735e+00
-8.822493537504104921e+00
7.302698438118910396e+00
-9.102217978062176584e+00
8.839684397930870352e-01
-5.247072781017425580e-01
-7.515994129083561681e+00
4.470190026761009072e+00
-5.996239723371179942e+00
-2.786034688708032281e+00
-1.194440615754333024e+01
4.423244799488289303e+00
-6.256983435544890559e-01
2.440844076566136778e+00
-5.450148205866046647e-01
-5.460142602254673072e+00
-1.421929158508504010e+01
6.063970081930187206e+01
-4.889984573696071202e+00
1.600028868836584905e+00
-5.835825844673870222e+00
-5.314086893534081035e+00
1.135772161381927381e+00
-3.402928974885561786e+00
3.778242601397305389e+00
-2.449213290650616273e+02
-1.800190088962104795e+01
-6.845266113878044401e+00
-3.199816108946814897e+00
1.842732344158811264e+00
-1.215254842047776407e+01
9.925394226027266953e+00
-7.549155315403881161e+01
1.730224089551903148e+02
-1.706515685495805812e+01
1.457839686164466464e+00
-7.059044340639681003e+00
-6.346020288928697184e+00
1.042707956013118675e+01
4.322465089436311700e+02
-2.130243837519765577e+02
-2.323592816786493742e+01
-6.433770444123159571e+00
1.538069995695358898e+02
-3.320217485222036657e+01
-8.642759694753818778e+00
1.229608091427400574e+01
-3.660112580796480586e+01
-2.068491794618906710e+01
2.803878466879442755e+01
-4.577151845296703669e+01
-7.057895740960280051e+00
6.857689319178388310e-01
-1.185218510127829283e+01
1.763416386652789924e+01
-8.255697783346714402e+01
2.533800215833055915e+02
8.897738172889647856e+00
-1.143002030672443503e+01
1.405475099346409573e+00
-4.443487132461742206e+00
-9.477717750415304288e-01
-8.115879504564141200e+00
3.110968623854044157e+00
-3.711290852659391959e+01
-1.313280271923847842e+01
6.242054916463695591e+00
-1.259181086078374356e+01
-1.839436343587560918e+00
-4.416275176757122445e+00
-8.951614802940207838e+00
3.798809025453937505e+00
-1.987924689829994485e+00
-2.310305065529718038e-01
-5.984297322998953561e+00
-3.776270967908201825e+00
-4.241863912414038040e+00
-1.652533475344102401e-02
-8.779826139338702262e+00
-4.955328812999346133e-01
-1.086344806761722026e+01
-1.798898702754964418e+01
4.764568506566543071e+00
-6.686713045884353335e+00
-3.156054784835081506e+00
-9.425907346233879380e+00
2.534662491581218813e+00
-4.361003854195054430e+00
1.353246361491702210e+01
-6.297017019461515019e+01
7.408513636975494698e+00
-5.929094190223210603e+00
-1.914711309345897172e+00
-2.422140760762983014e+00
-6.598855015431221993e+00
9.630018127132812467e+00
-4.771256582289134940e+01
-3.855629440521861966e+02
1.130961018245083061e+01
3.893638541350237237e+00
-1.230103654540261271e+00
-4.765863935456800426e+00
9.889714127371263430e+00
-2.754123735195577538e+01
-1.931478985968159918e+02
-2.339680859261343642e+02
2.012894221785605353e+01
-1.821243283592106721e+01
3.741286430003551544e+00
-1.660428193858288992e+01
-1.068138900870492414e+01
-5.677639960346291446e+02
2.355294497009319343e+02
6.374946893930560066e+01
-1.252145256542995782e+02
-2.558088371708719322e+01
2.380164478246932003e+00
-3.536847609456825836e+01
-9.328006009276988664e+01
4.861991107985276273e+01
3.234980361566949458e+00
-1.232491693444886494e+01
7.195435116566915035e+00
-2.383253736036153114e+01
6.561602615537906047e+01
-1.205301878711812407e+02
-1.032353009947812339e+01
1.018198379688272537e+00
-1.110309414839463882e+00
-2.252796284875301591e+00
7.570636480815465141e+00
-1.761205721360263965e+01
-4.168875788050533515e+01
2.251963261869831712e+01
-8.601038032692217783e+00
1.300410371271912702e+01
-5.722465938643577665e+00
-2.411693607134087980e+00
8.189055874348651898e+00
-6.521107729022875610e+00
-3.326415308920172897e+00
-3.184215694514300310e+01
4.640770869102064822e+00
-6.761660851046774390e+00
-4.464107716347060162e+00
-8.787647183063757694e+00
1.861470456436251641e-01
-2.052707606818092056e+00
-6.908278136866076835e+00
2.347853507832530440e+01
-4.053915072559575172e-01
3.077045259661234766e+00
-6.397876567026202776e-01
6.812208052988531826e+00
-6.980211234307049928e+00
1.659830561174469565e+01
-6.800434685334700191e+01
-1.644898206879874749e+02
1.031320050968511381e+01
-9.833931073211918061e+00
2.708196144636306979e+00
-1.242950736047914839e+00
-2.924068817374684937e+00
-1.384138032596947987e+01
-1.028189459740384848e+02
-1.235509603767277298e+02
2.983308494535657474e+01
-2.724102417120980490e+01
8.870599335785868789e+00
-2.667670382815290964e+01
3.572166735815136551e+00
-1.801938211709654922e+02
5.968717600075311935e+01
-3.646066818348798222e+01
-1.882964390236143970e+01
3.212944931307487877e+03
-1.097378546497107209e+03
-1.097785957590720500e+03
2.564424728409704585e+03
-5.090773390940616423e+02
-2.158813428992601473e+02
2.408844935061592452e+01
-8.452288969754806658e+01
-1.586191530215793044e+01
-4.304605139604470878e+02
1.663348557672959714e+03
-1.776290372757772218e+02
3.441937532022309654e+01
-6.329254032265334118e+00
1.726354849158500926e+01
-1.655232686728999880e+01
-5.816780442701126219e+01
5.593377749372198195e+02
-5.297996683131788132e+02
3.272468667775213902e+01
-2.788661625411177525e+01
2.091043539364913162e+00
-1.280867764405860143e+01
-2.535057380671269733e+00
-2.021629257210092234e+00
-1.084712986770059331e+02
2.476072478764515665e+02
-3.639956600282431509e+01
1.160658536616333869e+01
-9.511180015742924709e+00
1.107310411512007597e+00
4.129272089482424191e-01
-2.416057799887704505e+01
7.394082558173001019e+01
-5.701919391908086254e+02
5.143541787873913584e+00
-7.650067208992437529e+00
6.582896017615305517e+00
-6.155516767047685356e+00
7.522478661235841635e+00
-1.613947644116305824e+01
-3.594456707815269851e+02
-1.167078826208159370e+02
-1.862345884239342908e+01
-2.656150082295310000e+01
-6.899639990773161813e+00
-4.876285544482531265e+01
-6.828391815051520553e+01
-7.963591878804356838e+01
7.179163919811429651e+01
-6.583527430945022729e+01
1.244171448403016740e+02
-2.457873574853325351e+02
-1.065804766292047105e+02
-6.536273561173958342e+02
-1.229646190864643671e+02
3.200207914788813923e+01
-2.924395957191703843e+01
-8.254313504901679366e+00
-7.647260927457047330e+01
4.304474908416423062e+01
1.624505390001712613e+01
-1.537730685602632974e+01
-5.028005949958116894e+00
-3.279940510191293512e+00
7.374854127116575953e+00
-7.637040175034961464e+01
-1.474490193083302074e+02
2.551715838227118027e+01
-9.802642679710762863e+00
-2.150678379575888144e+00
-2.653817185120312061e+01
9.081557961205515994e+01
1.029411250409327891e+02
-1.158367008356446490e+02
4.192056070241848786e+00
-2.580209488874699630e+01
-4.607100755057590646e+00
-3.839076189934458512e+02
1.256533648099753009e+02
1.579763034800106425e+01
-6.117891366046714019e+00
1.444917415481426133e+02
-3.352613817640499594e-01
