5.560863859039292265e+02
5.981053258128811194e+02
6.285312569999169909e+02
6.510885490892900407e+02
6.689349338803983755e+02
6.867243151678495678e+02
7.131554586128069104e+02
7.574907664942835481e+02
8.210821211938824717e+02
8.967945841358533698e+02
9.694884520109105779e+02
1.025692701337923381e+03
1.062561894699986851e+03
1.085183040697310616e+03
1.099628226070720984e+03
1.109797629481827471e+03
1.117641632592689575e+03
1.124048202615281070e+03
1.129425682214994140e+03
1.133983633217771512e+03
1.137852362902275900e+03
1.141130021128991757e+03
1.143899665262123563e+03
1.146234706555593220e+03
1.148200332465322845e+03
1.149853849483994281e+03
1.151244960627640012e+03
1.152416232698439217e+03
1.153403742141163320e+03
1.154237819574168952e+03
1.154943815802849485e+03
1.155542834615248466e+03
1.156052400572917577e+03
1.156487047549510180e+03
1.156858825381635370e+03
1.157177728829269427e+03
1.157452056511686806e+03
1.157688708797665186e+03
1.157893433662620509e+03
1.158071028879196774e+03
1.158225507955375406e+03
1.158360236194455638e+03
1.158478042249806322e+03
1.158581309641093412e+03
1.158672051910687514e+03
1.158751974430829932e+03
1.158822525316394149e+03
1.158884937439501527e+03
1.158940263167472040e+03
1.158989403142442143e+03
1.159033130172460460e+03
1.159072109105741674e+03
