-5.601093195124181875e+03
-5.596787800791824338e+03
-5.594580088255066585e+03
-5.593042400290221849e+03
-5.591763003209423914e+03
-5.590490847326058429e+03
-5.589108125327023117e+03
-5.587674000803264789e+03
-5.586328460737312525e+03
-5.585189017626132227e+03
-5.584319734252924718e+03
-5.583702353961988592e+03
-5.583269263780870460e+03
-5.582955559031881421e+03
-5.582718631738624026e+03
-5.582534199231497041e+03
-5.582388270342090436e+03
-5.582271986462520545e+03
-5.582179134090859407e+03
-5.582105028214536105e+03
-5.582045989126616405e+03
-5.581999068976438139e+03
-5.581961887317113906e+03
-5.581932518158550010e+03
-5.581909404552076921e+03
-5.581891290347111863e+03
-5.581877164308551983e+03
-5.581866214026306807e+03
-5.581857787950253623e+03
-5.581851364265544362e+03
-5.581846525517589725e+03
-5.581842938032998973e+03
-5.581840335303725624e+03
-5.581838504617577200e+03
-5.581837276328323242e+03
-5.581836515258806685e+03
-5.581836113820223545e+03
-5.581835986507278903e+03
-5.581836065494231661e+03
-5.581836297110451596e+03
-5.581836639018311871e+03
-5.581837057951875067e+03
-5.581837527903624505e+03
-5.581838028669278174e+03
-5.581838544679263578e+03
-5.581839064059746306e+03
-5.581839577877914053e+03
-5.581840079535153563e+03
-5.581840564279088539e+03
-5.581841028811491924e+03
-5.581841470973197829e+03
-5.581841889491341135e+03
