-3.171908483701283998e+01
2.690722605656744548e+01
-2.685833841611072614e+01
4.404903123768016115e+01
2.756367790603803103e-01
1.752658719135740739e+01
-3.536439684307629250e+01
1.537090094349545666e+01
-6.056387751073007308e+01
1.683161691493445389e+01
-2.431610249265789392e+01
3.140758013013341099e+01
-4.239708975337065056e+01
1.118364281593723462e+02
-1.498540761199705784e+01
4.075084092521391455e+01
-5.501899078603415916e+01
8.846024521742204172e+01
-1.763878344312268753e+00
1.858875154851008560e+01
-6.257462751095378906e+01
3.922803664767808840e+01
-1.097996874026644178e+02
5.941930071462266483e+01
3.764557808607065681e+00
-3.620638935683862769e+01
2.508331840687374026e+01
-4.313915824668450227e+01
5.596387666439628106e+01
-4.222777986652247506e+01
7.362205375244481154e+00
7.839988672459957009e+00
-4.418282895746740735e+01
4.155816717785972969e+01
-1.354049433241396798e+02
5.615343753748966549e+01
6.149130088492514190e+00
-2.665377687414127195e+01
3.023102015176479540e+01
-4.220737899279479421e+01
5.759742156645132383e+01
-3.231953580460142206e+01
-2.244908546314168518e+01
-1.479829862025314569e+01
8.104490281145888275e+01
-9.751959914098699755e+01
-2.270421171600908394e+01
3.455544421330802152e+01
-1.695492474540871513e+02
-2.864840722027370745e+01
-2.566489293344002931e+01
1.297125719921712061e+01
-4.034156055836556476e+01
-1.123146132963634969e+01
-6.350457947436651374e+00
1.391858603845876630e+01
-2.173404701553256047e+01
2.391862704688731256e+01
-2.680687176530566518e+01
4.974660092265661149e+01
-2.399487799602179194e+01
-2.339735341357240817e+00
-1.068203986621257506e+01
-1.676842361302560480e+00
-8.323178809959411950e+00
-1.947611308649999629e+01
2.784887289032545965e+01
-1.099993904606409778e+01
-1.981701322622200223e+01
3.361644834783938052e+00
-2.660722538397956694e+00
-1.965972320309325738e+01
2.219386433842083406e+01
-2.408995640111728775e+01
5.594608973260545959e+00
1.593508133464049870e+01
-3.202590463995795034e+01
8.060772169875820126e+00
-5.313938638202405684e+01
9.108903316173291742e+00
-4.317517791515741266e+01
1.295595723527336851e+01
-2.288076625611519432e+01
2.221229810618709166e+01
-9.722126767567466743e+00
2.233037938648294229e+01
-4.187796553842991187e+01
2.702994288658556599e+01
-7.725432346941070172e+00
-4.615971896261097385e+00
-3.994290776959532963e+01
-4.724635069748091887e+00
-4.598224399646740324e+01
-8.582767156979362255e+01
4.147234470943055840e+01
-3.832711207737419246e-01
8.032003176971687708e+01
1.319711447826926864e+01
4.432692005165248617e+01
-5.536560838509570814e+00
-3.732224075831056531e+00
-7.908209767309913651e+00
1.232514999489962726e+01
-1.114771924556289946e+02
3.291755516057352793e+01
-4.896910753631845026e+00
-2.854046053582323239e+01
4.851626656394870452e+01
-1.136443118945569637e+02
-1.404710416452622646e+01
9.114287341752284277e+00
-1.122917981909973051e+01
-1.513436187045527070e+01
8.906707283850447965e+00
-3.450905362949422539e+01
3.471110805742014804e+01
-2.366328466966270696e+02
-5.594939517290797681e+01
1.746409204485538824e+00
3.739739790908083616e+00
-5.198488020406066390e+00
-1.230455184389001744e+01
8.328047033226686935e+00
-9.273352910919587799e+00
2.943384072398199436e+01
-1.339620542533550918e+01
1.310918636257489922e+01
-2.665570227290492511e+01
-6.321066031206084901e+00
4.439946862649597037e+00
-3.126086029145448819e+01
1.809433234138740332e+01
-8.641986180482386715e+01
2.035078484618152217e+00
-7.545927228480674209e+00
-7.965774180179840958e-02
1.231679274896542609e+01
-1.082549745428198129e+01
2.009378448013261931e+01
-3.081929593152463553e+01
5.381768777203811283e+01
-3.684462701466221546e+01
1.050437179258916842e+01
-3.057385192268959884e+01
7.190650324810899718e+00
-1.863358503603034677e+01
-8.658374986391823569e+00
-1.979048420630767424e+01
-1.239516870558433048e+01
1.396667245975497451e+01
6.199604465352214433e+00
-4.882241266834715709e+00
1.511026460773664404e+01
3.825154897344154392e+01
-3.441122815831425896e+01
-2.746952821430132374e+01
-3.605876150089256527e+01
5.114429373247098454e+00
-1.146611055868527096e+01
-2.060895659069562669e+01
1.165598377119687967e+01
-5.586040911854154700e+01
1.348788791778383178e+01
-2.545400558625176402e+01
1.632652442356413403e+01
9.016529576620031605e+01
-3.941629131569575861e+01
-9.217785782769022163e+00
2.005758589214778098e+01
-6.917472890130184737e+01
8.858110170142150253e+01
1.333440331033659163e+02
-4.627537630697097626e+01
8.153478036744782997e+00
4.707106658701246893e+00
-2.146459832182541305e+01
3.748183673781166902e+01
-5.001630093596060078e+01
1.238511291442760438e+02
-5.800345610189337009e+01
8.771348579827041192e+00
-2.241944349350567478e+01
-1.085008208304543942e+01
-1.119146338020964998e-01
-3.597197815701090207e+01
1.495861527528389168e+01
-5.285966830514050230e+01
2.821136378797017130e+01
-2.205363383323401649e+01
1.432783068738573418e-01
-5.429104354072172844e-01
-8.250263257538177797e+00
6.642892347874283843e+00
-2.377100817503857400e+01
5.749160817174934124e+01
-5.667551276885256328e+01
6.555042391196034046e+00
-7.778378426877591956e+00
-2.103235162648236667e+01
-4.388239100919807179e+00
-2.195889602552516351e+01
2.193099160330282871e+01
-8.757532315459425831e+01
1.258624896813971894e+01
-1.143916102348708108e+01
1.523579758399288231e+01
-2.015275671794721646e+01
1.567989395600369740e+01
-1.217609573401817258e+01
-7.442377876404261627e+00
1.207452713963595770e+01
-2.972694748159115363e+01
-3.311667047075150805e+01
1.055245422666111565e+01
-4.373554001799966784e+01
-4.324325713731992238e+01
7.271903030275222335e+00
4.781296780422199788e+01
4.334375387503143884e+00
2.363912228750973288e+00
-3.029057300456879709e+00
5.332189368487595615e+00
-5.418584114894591686e+00
3.245592955989640416e+01
-4.485216293933454779e+01
-2.669012995230425389e+01
1.109152116998076032e+01
-1.146204486733529819e+02
5.976647129533271929e+00
-1.413955184012131383e+01
1.869177834315062370e+01
-3.811122070984573185e+01
-5.355881532373695109e+01
-4.256495646035365787e+00
1.408981454153389734e+01
1.700676792784352287e+01
-4.459721752440039211e+00
-2.040156199671365300e+01
4.073966648890561260e+01
-1.882487453779162223e+01
1.479133041697480522e+01
1.304729704003959867e+01
-2.168837047188946343e+01
6.449251400620931163e-01
-2.167381147517151874e+01
4.609589140928936679e+00
-2.810025846428941421e+01
1.422980184163440143e+01
-8.099734195615236843e+01
-1.005553440725705912e+02
2.597404711736379568e+01
-1.354961922405229480e+01
1.765318975096394283e+01
-1.524077538566066892e+01
2.477859441887011371e+01
-2.173682699712885480e+01
-1.173784606681290654e+01
-5.958670803100532964e+01
1.416536795632933732e+01
-2.601100800609903985e+01
3.507338015622334382e+01
-4.518051644629237984e+01
-6.069690051987088886e+00
-2.877035731747165315e+01
3.421391347949878536e+00
1.931794312798709390e+00
1.313897494005712474e+01
5.707985832801106341e+01
-3.734762043123684521e+02
-2.771789280697363012e+01
2.036176781025471172e+01
-2.178452433448703829e+01
2.478399288320529337e+01
-2.354277279073444618e+01
-2.715493531201421362e+01
-1.346227703862375691e+01
1.668560503052546196e+01
-6.045702375862228450e+01
9.034231510892238859e+00
-9.988990215087254043e+00
-1.429884573794009128e+01
9.692223406627704207e+00
-2.656624157304578659e+01
2.076846495876664989e+01
-1.815223316998326197e+01
-6.244879033432913928e+01
3.855561765984138134e+01
-3.441853314183119039e+01
2.658491761303616485e+01
-2.956011772852183483e+01
-7.862917767295555471e+00
-1.146208896737987146e+02
3.116867650743776252e+01
-6.954537886431590721e+01
-1.647982131888281643e+01
1.421528032248201328e+02
-7.794934374972713158e+02
-2.955550085241385716e+01
-1.128808565099709824e+02
-2.556804204458906327e+01
1.727172808631701528e+01
-3.597333038452188703e+01
7.271730494160347291e+01
3.918774123289167477e+01
-3.341609011293329701e+01
2.613035938809762015e+01
-6.569268161281955543e+01
-1.600081349429261195e+02
6.032500974358396917e+01
-8.510899460779978654e+01
5.098313693506080568e+01
