1.800000000000000044e+00
1.715617345974514318e+00
1.706253259063206462e+00
1.704987081558418938e+00
1.703181204119690317e+00
1.700191981819481502e+00
1.696126497861529137e+00
1.691964365322521591e+00
1.688496756603585558e+00
1.686027146853477543e+00
1.684657764194567697e+00
1.684192475659249011e+00
1.684290494384309111e+00
1.684657066741744647e+00
1.685107984683763771e+00
1.685549309964256004e+00
1.685941207177364287e+00
1.686271814173595063e+00
1.686542408758759271e+00
1.686759743434161019e+00
1.686932259212015728e+00
1.687068293492195670e+00
1.687175300475339590e+00
1.687259584220490272e+00
1.687326286708427991e+00
1.687379494999805329e+00
1.687422394699739980e+00
1.687457431163870147e+00
1.687486459117286008e+00
1.687510872318042754e+00
1.687531711029067738e+00
1.687549748304080222e+00
1.687565557605451572e+00
1.687579564785387953e+00
1.687592087419327758e+00
1.687603364177158172e+00
1.687613576504767732e+00
1.687622864471195916e+00
1.687631338246956991e+00
1.687639086354344453e+00
1.687646181555204405e+00
1.687652685026042265e+00
1.687658649306233327e+00
1.687664120370121257e+00
1.687669139082864422e+00
1.687673742222626005e+00
1.687677963204122555e+00
1.687681832594279951e+00
1.687685378486990517e+00
1.687688626782622991e+00
1.687691601400364894e+00
1.687694324450697891e+00
