-6.208446359211743584e+03
-6.207110606709182321e+03
-6.206315341570882993e+03
-6.205860499871669163e+03
-6.205454377145474609e+03
-6.204927113886693405e+03
-6.204212846387873469e+03
-6.203417301205948206e+03
-6.202687286415703966e+03
-6.202113914971865597e+03
-6.201739639144539979e+03
-6.201526143618865717e+03
-6.201404424986961203e+03
-6.201327500630112809e+03
-6.201274361465928450e+03
-6.201236355687480682e+03
-6.201209029868620746e+03
-6.201189446431167198e+03
-6.201175462496654291e+03
-6.201165493638732187e+03
-6.201158381807093974e+03
-6.201153292928473093e+03
-6.201149633529009407e+03
-6.201146984927321682e+03
-6.201145053241127243e+03
-6.201143632581933161e+03
-6.201142578593294274e+03
-6.201141789748848169e+03
-6.201141194288962652e+03
-6.201140741163850180e+03
-6.201140393777999634e+03
-6.201140125673857256e+03
-6.201139917549377969e+03
-6.201139755190090909e+03
-6.201139628028503466e+03
-6.201139528134436659e+03
-6.201139449502305069e+03
-6.201139387544221790e+03
-6.201139338726477945e+03
-6.201139300306567748e+03
-6.201139270141209636e+03
-6.201139246544978050e+03
-6.201139228185254979e+03
-6.201139214003334018e+03
-6.201139203154680217e+03
-6.201139194963534464e+03
-6.201139188887649652e+03
-6.201139184491143169e+03
-6.201139181423131959e+03
-6.201139179400963258e+03
-6.201139178197074216e+03
-6.201139177628150719e+03
