-6.840460268914941480e+03
-6.837612664291542387e+03
-6.835900838560808552e+03
-6.834795568247019219e+03
-6.834073794662494038e+03
-6.833601887212946167e+03
-6.833287706382436227e+03
-6.833061583666245497e+03
-6.832875476225000057e+03
-6.832698691359784789e+03
-6.832513312109228536e+03
-6.832312858867448085e+03
-6.832101228547110622e+03
-6.831889301405955848e+03
-6.831690351287830708e+03
-6.831515247903141244e+03
-6.831369404974969257e+03
-6.831252982545818668e+03
-6.831162704116528403e+03
-6.831093709093325742e+03
-6.831040999040415045e+03
-6.831000273033346275e+03
-6.830968187285221575e+03
-6.830942279910896104e+03
-6.830920782237464664e+03
-6.830902431173950390e+03
-6.830886319244167680e+03
-6.830871785152680786e+03
-6.830858338481585633e+03
-6.830845611309641754e+03
-6.830833330312183534e+03
-6.830821303407108644e+03
-6.830809415149082270e+03
-6.830797625265981878e+03
-6.830785965493945696e+03
-6.830774531485847547e+03
-6.830763468678270328e+03
-6.830752952827197078e+03
-6.830743166954749540e+03
-6.830734277043055044e+03
-6.830726409572625016e+03
-6.830719634769052391e+03
-6.830713959183893166e+03
-6.830709329223903296e+03
-6.830705644092035072e+03
-6.830702773982373401e+03
-6.830700578608333672e+03
-6.830698922280118495e+03
-6.830697683792070166e+03
-6.830696761219312975e+03
-6.830696072790160542e+03
-6.830695555293083999e+03
-6.830695161283517336e+03
-6.830694855974815255e+03
-6.830694614327387171e+03
-6.830694418573183611e+03
-6.830694256237518857e+03
-6.830694118624171097e+03
-6.830693999692693978e+03
-6.830693895244951818e+03
-6.830693802348466306e+03
