2.937655403443210616e+03
3.333523647339456147e+03
3.773015193202023966e+03
4.244155405121877266e+03
4.717500967614658293e+03
5.148946788368448324e+03
5.503749549437921814e+03
5.772942263382330566e+03
5.969497380976648856e+03
6.114597384216764112e+03
6.227550002300135930e+03
6.322450248489565638e+03
6.408530110732488538e+03
6.491370944335918466e+03
6.573721512146974419e+03
6.655959387078777581e+03
6.736773083778000000e+03
6.814143940831688269e+03
6.886257590212593641e+03
6.952032972239736409e+03
7.011202647972130762e+03
7.064107047965798301e+03
7.111419957244816032e+03
7.153932550351909413e+03
7.192424283691746496e+03
7.227601172961636621e+03
7.260074221051931090e+03
7.290358263368937514e+03
7.318879977234907528e+03
7.345989143057305228e+03
7.371969916033152003e+03
7.397050238032402376e+03
7.421408509416960442e+03
7.445177550694067577e+03
7.468446610198227972e+03
7.491262507061158431e+03
7.513630899200874410e+03
7.535518374998758190e+03
7.556855926332161289e+03
7.577544460920067650e+03
7.597463042227479491e+03
7.616480075615059832e+03
7.634466626596390597e+03
7.651309946272450361e+03
7.666924780753282903e+03
7.681260498958058633e+03
7.694303237927862938e+03
7.706073535269985769e+03
7.716620775871956539e+03
7.726016043210691350e+03
7.734344756433650218e+03
7.741700036874742182e+03
7.748177293042586825e+03
7.753870157759216454e+03
7.758867686530524225e+03
7.763252614910191369e+03
7.767100439951747830e+03
7.770479103775049225e+03
7.773449091313823374e+03
7.776063794192608839e+03
7.778370030211649464e+03
