-5.628987080076331040e+03
-5.620633949723082878e+03
-5.616283981393982685e+03
-5.613326635833662294e+03
-5.611195923632022641e+03
-5.609617665276135085e+03
-5.608408439988679675e+03
-5.607433582112801560e+03
-5.606596848383343058e+03
-5.605833639104440408e+03
-5.605104020600923832e+03
-5.604388108458172610e+03
-5.603683088093928745e+03
-5.602999336543314712e+03
-5.602354466545969444e+03
-5.601765674756491535e+03
-5.601243248892476913e+03
-5.600788852160450006e+03
-5.600398030417956761e+03
-5.600063328653090139e+03
-5.599776258548463375e+03
-5.599528428347589397e+03
-5.599312226827562881e+03
-5.599121147553259107e+03
-5.598949831478896158e+03
-5.598793951664679298e+03
-5.598650044333347978e+03
-5.598515344518485108e+03
-5.598387649959566261e+03
-5.598265219546661683e+03
-5.598146705282197217e+03
-5.598031112773367568e+03
-5.597917781910709891e+03
-5.597806376684373390e+03
-5.597696872280347634e+03
-5.597589529649647375e+03
-5.597484852299169688e+03
-5.597383525342762368e+03
-5.597286340878104966e+03
-5.597194115844313274e+03
-5.597107609574817616e+03
-5.597027449332211290e+03
-5.596954072807487137e+03
-5.596887695323786829e+03
-5.596828305396125870e+03
-5.596775686439571473e+03
-5.596729457247406572e+03
-5.596689121416407943e+03
-5.596654116569682628e+03
-5.596623856956340205e+03
-5.596597766271190267e+03
-5.596575300229455934e+03
-5.596555960108814361e+03
-5.596539299205353927e+03
-5.596524924231990553e+03
-5.596512493420897044e+03
-5.596501712697676339e+03
-5.596492330907259202e+03
-5.596484134744475341e+03
-5.596476943794838917e+03
-5.596470605915857959e+03
