1.800000000000000044e+00
1.792162856925897385e+00
1.786367793915433877e+00
1.785204794856576127e+00
1.785347703152036614e+00
1.785984410468027361e+00
1.786807067133837634e+00
1.787620240701884855e+00
1.788280460323518062e+00
1.788686153391593425e+00
1.788772820468483626e+00
1.788525795037887889e+00
1.788022347424119030e+00
1.787456968077759445e+00
1.787062744663199476e+00
1.786975802092471310e+00
1.787192144263834770e+00
1.787624295718178269e+00
1.788169026737910228e+00
1.788744695191090806e+00
1.789300496253594996e+00
1.789811150404634343e+00
1.790267989907057489e+00
1.790671614334251593e+00
1.791027225466304440e+00
1.791342050747615211e+00
1.791623995362840116e+00
1.791880911637861562e+00
1.792120158234179250e+00
1.792348301603575944e+00
1.792570900888894592e+00
1.792792359278221337e+00
1.793015849799136419e+00
1.793243338083574834e+00
1.793475718281321685e+00
1.793713042005244729e+00
1.793954767482610846e+00
1.794199927224498170e+00
1.794447146420942163e+00
1.794694536686115338e+00
1.794939582992603144e+00
1.795179165807186283e+00
1.795409792633201329e+00
1.795627998243578549e+00
1.795830786489746922e+00
1.796015975908362705e+00
1.796182366921595275e+00
1.796329724742425915e+00
1.796458627421166021e+00
1.796570247601039227e+00
1.796666127242964039e+00
1.796747982873242666e+00
1.796817557488528561e+00
1.796876520127047572e+00
1.796926406021210232e+00
1.796968587456831967e+00
1.797004265779172494e+00
1.797034476706938388e+00
1.797060103137637199e+00
1.797081891461136172e+00
1.797100468839639476e+00
