3.489076565913296122e+02
-1.140194431179930632e+02
1.210046926135071459e+02
-5.393546486252395766e+01
1.354527739949168108e+02
-1.423813225832313947e+02
-1.334864199157778160e+02
2.990677445971751780e+01
-2.048746860422005511e+01
8.298868387038453420e+00
-1.420553659640542854e+01
7.549142354504994046e+01
9.137023275048572657e+01
-2.373228398488214452e+01
-7.722352355695972115e+00
-3.535572351549757464e+00
-3.574992560538176178e+01
2.195471330590766001e+01
-1.161308863028334883e+02
3.509525567453527373e+01
2.071655045642645465e+00
-2.608130952802781621e+01
9.979657374413373816e+01
-1.077157263426142180e+02
1.380891928295920366e+02
-1.119340441670698425e+02
5.859934802621382488e+01
-4.962921832947223777e+00
1.214444558768575320e+02
1.829370670530490202e+02
5.838185580999735294e+02
-3.403283548557772065e+02
-9.208353004538254538e+01
-1.116516049471516823e+02
3.758658894881535275e+02
1.313728658812339916e+02
-1.282326257486542431e+02
4.957374557086849336e+02
-1.177961392864354480e+02
4.331867594865255455e+01
-2.647993465465694030e+01
1.051122383968245266e+01
-3.037602705737236164e+01
2.688953617459813472e+02
-2.995478502754516512e+02
6.275497080752045775e+01
-1.077811434634202037e+01
-3.492562944538680370e+01
6.465145484790520314e+00
-6.097289207124825339e+01
-2.458839888105139693e+01
2.875282368951926060e+02
2.279665512597971997e+02
-3.234067280568504543e+01
-2.276383855036637271e+01
1.236713173917945241e+01
-2.731856572491857804e+01
3.813195376699443528e+01
-3.532798702818517711e+01
1.022226827336722099e+00
-1.164066110265664094e+02
3.910327983363320925e+01
-1.773343540601016066e+00
-3.494438892947912478e+01
2.950352693320129660e+01
-1.312761707573502576e+02
1.311392741419437300e+02
-2.778470583073074067e+02
1.411378508974837303e+02
-2.978069427801715818e+01
-1.382321690775565948e+01
2.229848519086085545e+01
-1.756486287722489692e+01
6.165500016932496941e+00
-9.521085726436454877e+01
2.761203063148408319e+02
7.453836115746720736e+01
-7.439609098427393974e+01
2.921431252786020494e+01
1.823502567929159213e+01
3.162016109898755190e+01
4.309932691525513349e+01
2.219929950697099059e+02
-1.701378941347851139e+02
2.042021742239476509e+02
-5.147979487416350821e+02
3.435296404747213614e+02
-1.817151385331473818e+02
1.772019285126638579e+03
-1.790653571783213067e+02
1.507925538111892294e+01
2.634919374247677837e+01
-1.358461104825568100e+02
7.353657860663519159e+02
1.602124900888475167e+02
-8.758546511570214932e+01
4.389724961608010290e-01
-8.036782113438791342e+00
-2.856066506151604401e+01
-6.231949571812479860e+01
2.180832433212819410e+02
-6.278255719234617516e+01
1.086718452185150952e+01
6.363310822896218077e+00
-1.142703889487586899e+01
1.664487740197397869e+01
-7.897250580322984881e+00
-5.457559373403418590e+01
-1.951228095467361712e+01
-4.566304737119808443e+00
-7.998966108000672648e+00
-8.342494673311357190e+00
-6.050083523578676292e+00
-5.958956537792039931e+00
-2.385493592698214016e+01
7.981198740154793825e+01
9.019960099547075671e+00
-3.116795287003272463e+01
3.924908943288704322e+00
-2.094851799592308605e+00
-1.937279887218337748e+01
2.572479377366811093e+01
-4.022939406243739313e+01
2.836434213309321706e+01
2.498716804775944489e+00
-2.117248593445292215e+01
7.844845178736323810e+00
-5.362858444615784492e+01
8.853646831374918591e+00
-4.219452719453686029e+01
2.836051454450548448e+01
-2.216996863009640606e+01
6.763820456669365910e+01
-1.066451338091483514e+01
1.373799920062897195e+00
1.407002623312066802e+01
-2.980718737775238836e+01
2.550041372766207459e+00
2.052818094273439442e+01
-4.069931967215306372e+02
1.760938106023222076e+02
-7.853156549835901501e+01
1.921711350248686445e+00
-4.016207929896361861e+01
1.894324717135751257e+01
-2.267970206372719133e+01
-2.450681051545233515e+02
1.017363337627117517e+02
-5.302935814654662039e+01
3.626079805672637946e+01
7.132508461098740327e+01
-2.614225129759113315e+02
1.423408137679740832e+02
-5.512256783675997696e+01
1.511066514616609595e+02
-3.791739364504202854e+02
-8.466803468421094294e+02
7.945875801227114721e+01
-1.638297357425504686e+01
-1.279923685623032803e+01
1.875874308074367747e+01
-2.738396578519183890e+02
8.819569400869511355e+02
-1.979629070436938036e+02
7.323302167424952813e+01
-2.557373641582916335e+01
-8.954838875337612691e+00
2.577042972723280911e+01
-1.989483248155561412e+01
7.650003355352993140e+01
-1.910081789822255018e+02
3.282092375703196296e+01
-2.078564253703803644e+01
-1.047063893906630661e+01
-2.940461315018361721e-01
-2.245131408150704289e+01
-2.957348733220326320e+00
3.210031788606007552e+01
-2.329110708807733587e+01
-5.361588690603212193e+00
6.366622859744619944e+00
-6.557972243127890621e+00
-8.136659355242660041e+00
2.629759831614160603e+00
7.588138924737120483e+00
-1.053347379741788359e+02
-2.258990250311389669e+00
1.388021327107939484e+01
-2.536771014135621627e+01
-6.479758024229976598e+00
2.776099099389967684e+00
-2.840326985614529676e+01
1.118428731471685822e+01
-1.130431090999260491e+01
-2.630150784813448084e+01
-7.703635467104264833e+00
-2.142418872065418256e+00
1.306216606968748550e+01
-9.932468710115655242e+00
1.735946047026479988e+01
-2.814217059003980026e+01
-1.014961247567586078e+01
8.747249140720103355e+01
-3.076243275157090551e+01
1.004448812868713325e+01
-2.938690959623742316e+01
2.142781690356194257e+00
-6.986552087079105355e+00
-2.976161232923642785e+01
2.486671843116234015e+02
1.647614795911200929e+02
-1.176812689906280269e+02
2.280042150644051091e+01
-5.510721758259863989e+00
2.102997914205530350e+01
-2.955067090371135308e+01
2.246565196181152047e+01
7.778157122217285746e+01
2.241253009866030936e+02
-7.241113869453369034e+01
1.713661578967971622e+01
-3.814478999765454859e+01
-4.395906920580589627e+01
1.788441721564647366e+02
-3.932893947654466160e+01
1.166282905947315562e+01
-5.594357243305599781e+01
1.370390299942587546e+02
-8.499945097995043852e+02
-9.654751217467087088e+01
9.449024684332806956e+00
-9.134097975512943890e+00
5.396740406183068828e+00
2.181857277987337795e+02
-4.581952963736717948e+02
1.763693261445111204e+02
-6.973791341120362119e+01
5.263008516649758661e+00
2.494867814648940918e+00
-5.453184627908398596e+01
1.267245934535101348e+01
1.570052066246621507e+02
2.269686493824033846e+02
-6.216822225658305712e+01
8.941605260623923357e+00
5.403931511528220710e+00
-1.386188231789534875e+01
2.998169730778042563e+01
-2.575036008584980962e+01
-7.257871545375020617e+01
-5.974876435253929685e+01
1.345009753380169926e+01
-2.197650040968182950e+01
-1.134103379419088320e+01
-4.655733338848942360e+00
-3.039876168588594751e+01
1.556309332748214980e-01
7.605797024918913962e+01
-8.660821109088711722e+00
-2.014440007743853300e+01
-3.339454790462171196e+00
4.759938742210311768e-01
-5.976607976228615726e+00
2.388220248996989259e+00
-1.539590869519747152e+01
-2.701486365783125621e+01
1.263982011338425471e+00
2.679189733785807270e+00
-3.461697745245296165e+00
-2.260407118588462438e+01
-6.082310045327186110e+00
-1.754307437077074994e+01
1.588975704987207038e+01
8.273736727008399683e+00
-7.701336296172208051e+01
7.425831291906760612e+00
-1.221859724422836280e+01
1.495682221066232565e+01
-1.394094027870612962e+01
2.262626754351546143e+00
1.103936785321681491e+01
-2.905995471611392986e+02
1.222353642367870350e+02
8.316383880990622401e+01
-2.228188386798093745e+01
-1.141066365002916960e+01
-5.028111416857645111e+01
3.741549275578054079e+01
-4.547493179191209833e+01
-2.124025583267364823e+02
-1.836014192942741374e+02
7.274675341476201140e+01
-3.808701616542338542e+01
4.453493302959044797e+01
3.329803843108523864e+01
-2.815666155221830991e+02
5.668135303431944294e+01
-3.072064845061088434e+01
4.591543490177827636e+01
-1.451167782272655131e+02
2.245820725445821040e+02
4.847131794027626484e+01
-6.535153742391716492e+01
4.756256463975998372e+01
-3.428904774186614191e+01
9.590862385115055133e+01
-7.584229629009492157e+01
1.004531618222178047e+01
6.065027119524727617e+00
1.218564101841473502e+02
-1.893459314314230539e+02
-1.110791396646668545e+02
5.885002412048197407e+00
-1.726883545133391706e+01
2.407958206772620624e+00
-2.875272492972856853e+01
-9.349768469288042638e+01
3.705721323864727879e+02
6.668754179628739109e+01
2.076653815784007762e+00
1.970812336756412364e+01
-4.619102480287950563e+00
-9.222263821607425527e+00
3.058569022487317568e+01
9.486848227795022126e+00
-2.788460466449534465e+02
-2.617990072886471609e+01
-1.538711069447601787e+01
1.138633390286202474e+00
-2.078324527469340310e+01
-2.045840549378442397e+00
-1.956852934239375230e+01
-4.456277416178523687e+00
1.062186370757052174e+02
5.220496929910899553e+01
7.880480437416675699e+00
-9.197067326771133366e+00
1.469624544781619768e+01
-9.368500898705343971e+00
1.738840150583364519e+01
-1.156884458557825823e+01
-1.847553660815315766e+02
-8.141661584241592209e+02
3.516481080779026058e+01
-2.141586123176176315e+01
-9.616082738338203484e+00
1.616454672669065218e+01
-1.996170285308229708e+01
-4.646012693786322956e+01
4.735491955061943941e+02
-3.454789936955600638e+02
1.298227847649816340e+02
-7.799054552261029016e+01
6.740637660072461301e+01
-7.558568367925091991e+01
5.554082456749509333e+01
-4.192938475093287138e+02
2.077230025613039288e+02
-3.218497305674596873e+02
-1.935349835046849876e+00
-2.048138286968797388e+02
1.123038382643404987e+02
-1.465810651278957266e+02
5.231921902197098007e+02
-2.457872816443070406e+03
1.542670080828289336e+01
9.866872967788171689e-01
4.956490256332695310e+01
-3.712235523421520611e+02
1.028832245470574662e+03
1.395184716590445987e+03
6.528270429557419163e+01
-2.152198562958777472e+01
2.915808361248733860e+01
-3.660139166572740077e+00
6.972051828182772226e+01
-1.111468275264251417e+02
8.240162941775951140e+02
-3.876349152080311455e+02
1.381419707580380418e+01
-4.308690900255066225e+01
-1.118224590553640319e+01
-2.924331386713906689e+00
-6.030748546490619333e+01
7.764796082071617533e+00
1.697196115239505616e+02
2.451376343581968626e+02
-4.037251036600554954e+01
-8.128428358970570144e+00
6.534298925063926511e+00
-1.533871827405732624e+01
1.457395919595077061e+01
-1.685321860888064549e+01
-8.812673870621260619e+01
-3.247510121288773348e+02
6.853149868301517955e+00
1.699249270118094302e+01
-2.371960429304513340e+01
1.372776811471606173e+01
-1.922493455921195604e+01
2.196464096608328642e+00
1.828478654540555510e+02
-3.134649488120468277e+02
1.353452757478049939e+01
-2.411325743586009551e+01
-1.696050250461081887e+01
-8.481464281472359801e+01
4.789948104900786774e+01
-4.374564947401757991e+02
3.971698566621234363e+02
-1.052133625610192439e+03
8.287211283964383028e+02
-6.552941671994283297e+02
3.349422523144812658e+03
-2.594585224718681715e+01
-4.495053526710769802e+03
1.409590934218346092e+02
-8.291280327530509453e+01
1.107998982521447289e+02
-1.434807284163830730e+02
9.525406366091076507e+02
9.518074315915120565e+01
-1.721869978534164858e+01
8.893830294730896924e+00
-4.190657352604856101e+01
4.955935674921349943e+01
-1.030308913389959429e+02
1.696172903742140647e+02
-8.834042486997905286e+00
-1.254660144910686448e+01
1.989684262956468430e+01
-3.399406563906629941e+01
1.923821862727474468e+02
-1.932989701683306123e+02
-3.133300816281213486e+01
1.864395925800956277e+01
-8.463282552064120523e+01
3.570950991664438590e+01
-6.816690310131018578e+02
-1.287745016885565974e+03
3.744540212879475121e+02
-2.385373700258497820e+02
6.530270163766811038e+02
