0.433311
7.478264
0.037902
2.270078
25.524525
-8.496565
-29.217357
-0.384192
-32.383080
37.639546
-16.870701
18.343152
-11.341588
17.527260
34.850920
-4.293044
17.477437
-28.363573
78.074776
-63.226921
-10.402651
-28.896645
-9.477512
3.850001
-74.836195
24.905263
3.236350
-3.970002
9.696499
-39.786861
63.314367
-45.376042
-20.240213
-7.885982
-37.762198
22.915573
-67.923302
24.399629
21.019116
-10.604336
17.127649
-14.590020
-57.561199
-153.595035
109.740436
-147.334226
12.379589
-77.854332
18.469099
-69.480933
-19.020688
-3.189738
-28.243165
-48.127425
31.634225
4.638194
-1.404957
8.414862
-25.458051
-6.013381
9.138856
-21.036136
-11.253820
-8.314826
-6.437509
-2.091430
-3.755227
-4.053405
-42.460069
22.690711
-11.343998
-3.488552
5.746869
-27.503496
14.176850
-34.251895
9.989148
-13.182014
-26.018060
-22.908020
-4.389847
-7.938546
-11.000016
10.774205
7.832106
1.516396
-5.852487
-3.037017
3.628218
-27.828968
4.496883
-20.049426
-3.270603
44.778057
-67.791726
36.444540
-48.506276
15.219987
-5.527382
25.048769
-26.190432
17.268192
-13.374453
14.784132
5.961032
9.966111
-12.640354
17.560659
-72.422808
-17.226954
11.184950
-19.291054
-9.964214
-6.439859
-9.485962
12.780042
-33.945322
-7.753507
-14.515006
11.409987
-3.413534
-6.215266
2.491744
-9.633175
-9.123004
-13.204200
23.294790
-33.022004
-0.810902
-4.894749
-16.955074
10.694311
-30.514999
26.128558
-20.462882
8.524518
2.321038
6.184359
0.283787
-11.553539
13.681634
-27.463299
0.153344
-15.165084
-10.451600
0.087469
-15.669962
-13.644808
3.957310
-6.834483
0.233991
-6.179125
-6.020493
-8.860385
9.145202
-24.458313
15.864273
6.520172
-14.593081
3.668995
-19.151609
-138.436344
42.543517
-47.033438
15.017993
-130.298181
31.715803
-36.127906
17.362259
-33.678625
57.608675
-52.487445
-2.847762
-6.644962
8.036510
-8.785670
8.224638
-31.914694
36.393101
6.975258
-0.729864
-11.409603
-15.244682
-6.526360
-19.386865
13.542012
-26.995059
-1.519229
-21.586851
1.346652
-0.923673
1.541982
-7.454757
-13.563005
21.995269
-85.277080
15.015492
-11.027161
-11.542542
-16.398303
-1.566043
5.013500
-38.279417
7.991495
-2.962247
3.759487
-5.413157
0.931668
-2.595307
-16.243349
6.338117
-16.467468
-8.835092
6.919667
-23.890735
-17.008838
-19.251465
21.303024
-50.169511
-17.420056
9.462863
-27.492347
54.224780
-26.615289
-7.724910
-32.603032
-17.176974
-74.687884
5.463265
-10.112287
8.234685
-9.296432
-72.392999
-33.260740
5.433552
12.599216
-0.218400
-11.278355
24.437094
-2.152987
-60.744648
11.471134
-8.423565
-2.080943
-19.327611
-9.265890
-7.493385
-7.053898
-0.417710
-42.644363
10.755610
-8.430481
9.087047
1.065645
2.556623
12.560792
-118.945301
-33.803717
-1.285077
-8.946893
15.423630
-33.832495
-12.102781
-13.766162
-2.239917
-51.364034
22.567915
17.347901
-29.900738
-9.623613
3.238691
-10.066929
1.899473
-7.970627
-22.526756
-8.895433
3.729889
-29.939376
-30.065251
-8.865266
-10.278491
1.869308
-13.991406
5.726037
1.994312
-47.309142
24.535481
-13.312022
12.772108
-9.055334
-52.640094
-46.020423
-13.288836
-59.457835
0.540704
10.908213
60.028932
-15.568236
-80.755261
-7.011796
-3.589590
11.195603
10.865988
11.300109
-8.427880
-24.193126
-16.530559
-128.892259
21.693555
-28.458435
-41.062028
