86.023783
86.062450
87.013687
88.010062
88.891676
89.720187
90.495262
91.227516
91.922109
92.584058
93.217162
93.824580
94.408881
94.972202
95.516338
96.042818
96.552963
97.047926
97.528727
97.996274
98.451381
98.894783
99.327150
99.749091
100.161162
100.563877
100.957707
101.343087
101.720421
102.090081
102.452416
102.807749
103.156382
103.498596
103.834655
104.164807
104.489285
104.808306
105.122078
105.430793
105.734635
106.033777
106.328384
106.618612
106.904606
107.186509
107.464452
107.738564
108.008964
108.275768
108.539085
108.799021
109.055676
109.309146
109.559522
109.806893
110.051341
110.292949
110.531793
110.767948
111.001485
111.232473
111.460976
111.687059
111.910782
112.132204
112.351381
112.568367
112.783215
112.995975
113.206695
113.415423
113.622203
113.827079
114.030093
114.231286
114.430696
114.628363
114.824322
115.018608
115.211256
115.402300
115.591770
115.779699
115.966116
116.151049
116.334528
116.516579
116.697229
116.876504
117.054428
117.231025
117.406318
117.580331
117.753086
117.924603
118.094903
118.264007
118.431934
118.598703
118.764332
118.928840
119.092244
119.254561
119.415808
119.576000
119.735154
119.893284
120.050406
120.206534
120.361682
120.515864
120.669093
120.821382
120.972745
121.123193
121.272739
121.421395
121.569173
121.716082
121.862136
122.007344
122.151717
122.295266
122.438000
122.579930
122.721065
122.861415
123.000988
123.139795
123.277843
123.415142
279.237818
279.380874
279.437232
279.505613
386.483532
386.506362
481.289861
481.296566
566.338012
566.340548
