-13617.706283
-13252.171854
-13111.143293
-13021.945774
-12955.862004
-12902.763216
-12858.097682
-12819.488763
-12785.519460
-12755.251742
-12728.017607
-12703.317612
-12680.765800
-12660.056768
-12640.944465
-12623.227753
-12606.740184
-12591.342545
-12576.917295
-12563.364338
-12550.597775
-12538.543364
-12527.136522
-12516.320726
-12506.046241
-12496.269082
-12486.950166
-12478.054615
-12469.551187
-12461.411787
-12453.611069
-12446.126097
-12438.936049
-12432.021979
-12425.366598
-12418.954096
-12412.769981
-12406.800945
-12401.034737
-12395.460064
-12390.066497
-12384.844384
-12379.784783
-12374.879396
-12370.120509
-12365.500943
-12361.014005
-12356.653453
-12352.413451
-12348.288539
-12344.273606
-12340.363855
-12336.554786
-12332.842167
-12329.222019
-12325.690593
-12322.244354
-12318.879970
-12315.594288
-12312.384332
-12309.247283
-12306.180473
-12303.181371
-12300.247577
-12297.376811
-12294.566908
-12291.815807
-12289.121547
-12286.482261
-12283.896169
-12281.361572
-12278.876850
-12276.440454
-12274.050904
-12271.706785
-12269.406741
-12267.149475
-12264.933744
-12262.758354
-12260.622164
-12258.524073
-12256.463028
-12254.438016
-12252.448061
-12250.492225
-12248.569608
-12246.679340
-12244.820583
-12242.992531
-12241.194405
-12239.425456
-12237.684957
-12235.972211
-12234.286541
-12232.627294
-12230.993839
-12229.385564
-12227.801881
-12226.242216
-12224.706016
-12223.192746
-12221.701885
-12220.232932
-12218.785396
-12217.358807
-12215.952703
-12214.566641
-12213.200187
-12211.852922
-12210.524439
-12209.214340
-12207.922242
-12206.647770
-12205.390561
-12204.150261
-12202.926526
-12201.719022
-12200.527423
-12199.351411
-12198.190680
-12197.044927
-12195.913860
-12194.797195
-12193.694653
-12192.605964
-12191.530864
-12190.469095
-12189.420408
-12188.384557
-12187.361303
-12186.350414
-12185.351663
-11998.684497
-11995.261745
-11994.168530
-11993.459610
-11952.338795
-11952.189771
-11939.366440
-11939.349742
-11934.487250
-11934.484683
