-13232.828644
-12873.273413
-12726.867905
-12631.271720
-12560.158211
-12502.499484
-12453.791632
-12411.527385
-12374.239077
-12340.933817
-12310.903428
-12283.614782
-12258.654936
-12235.696383
-12214.474921
-12194.774327
-12176.415486
-12159.248425
-12143.146369
-12128.001217
-12113.720072
-12100.222527
-12087.438526
-12075.306672
-12063.772854
-12052.789150
-12042.312918
-12032.306053
-12022.734378
-12013.567121
-12004.776490
-11996.337304
-11988.226683
-11980.423785
-11972.909574
-11965.666626
-11958.678953
-11951.931862
-11945.411817
-11939.106329
-11933.003850
-11927.093691
-11921.365936
-11915.811378
-11910.421447
-11905.188166
-11900.104090
-11895.162266
-11890.356192
-11885.679780
-11881.127322
-11876.693461
-11872.373165
-11868.161697
-11864.054601
-11860.047674
-11856.136951
-11852.318689
-11848.589347
-11844.945577
-11841.384206
-11837.902229
-11834.496794
-11831.165192
-11827.904851
-11824.713324
-11821.588283
-11818.527510
-11815.528892
-11812.590412
-11809.710148
-11806.886262
-11804.116997
-11801.400675
-11798.735689
-11796.120501
-11793.553636
-11791.033683
-11788.559286
-11786.129145
-11783.742012
-11781.396686
-11779.092016
-11776.826892
-11774.600249
-11772.411060
-11770.258335
-11768.141124
-11766.058507
-11764.009600
-11761.993548
-11760.009529
-11758.056745
-11756.134429
-11754.241839
-11752.378257
-11750.542988
-11748.735363
-11746.954732
-11745.200466
-11743.471958
-11741.768617
-11740.089873
-11738.435172
-11736.803980
-11735.195774
-11733.610051
-11732.046322
-11730.504111
-11728.982958
-11727.482414
-11726.002045
-11724.541429
-11723.100154
-11721.677823
-11720.274046
-11718.888447
-11717.520659
-11716.170324
-11714.837097
-11713.520637
-11712.220617
-11710.936717
-11709.668623
-11708.416032
-11707.178648
-11705.956182
-11704.748354
-11703.554889
-11702.375519
-11701.209985
-11700.058031
-11507.321274
-11498.771568
-11497.399934
-11495.535222
-11436.162361
-11435.240175
-11413.540138
-11413.300052
-11403.524567
-11403.451983
