2.399999999999999911e+00
2.391197230765312653e+00
2.392213764277694832e+00
2.392489744420091213e+00
2.392645288549343441e+00
2.392759398377162672e+00
2.392851957627052606e+00
2.392930869606280542e+00
2.393000031721848941e+00
2.393061600507065734e+00
2.393116880596862561e+00
2.393166732046161815e+00
2.393211772065957810e+00
2.393252479614166539e+00
2.393289251248880145e+00
2.393322431526390126e+00
2.393352329716612825e+00
2.393379229015597964e+00
2.393403391601876873e+00
2.393425061394854225e+00
2.393444465570370383e+00
2.393461815437351703e+00
2.393477307021845135e+00
2.393491121552584922e+00
2.393503425950689323e+00
2.393514373371197212e+00
2.393524103812089354e+00
