1.143367398442343756e+03
1.118971822621721685e+03
1.110068163502032803e+03
1.106154787318577746e+03
1.104289503791706011e+03
1.103354453737064659e+03
1.102874112995289124e+03
1.102630075873948726e+03
1.102515271429473842e+03
1.102474001689756733e+03
1.102475674966992756e+03
1.102502650736353189e+03
1.102544321723981284e+03
1.102594089595838568e+03
1.102647745371039719e+03
1.102702562144615058e+03
1.102756764618504121e+03
1.102809206314072526e+03
1.102859165856865275e+03
1.102906214133981621e+03
1.102950125139203919e+03
1.102990814637533049e+03
1.103028297080966922e+03
1.103062654829164785e+03
1.103094015875584091e+03
1.103122537585042210e+03
1.103148394764874411e+03
