-1.785417923638342685e+01
5.464985471678764384e+01
-2.745785865129559156e+01
4.501662037661964888e+01
-2.476428696183607059e+01
4.863360896477578876e+01
-1.293906776631341131e+02
5.688703987537352447e+01
-1.265524965816575218e+02
1.240149720453038640e+02
-4.567711992979592850e+01
6.832258062155574407e+01
-2.860255976953846258e+01
-1.977555110555338302e+01
-1.649359571164976899e+02
1.263782457103628509e+01
1.589268040088352762e+01
-4.415095371458120610e+01
1.374142312230349319e+02
-5.830386981201650087e+01
-9.050250546119462669e+00
-3.185953457067156336e+01
-2.348909966846653319e+00
-3.039773126246886292e+01
-1.194277642077503572e+02
2.626736245858677776e+01
9.758936702946265029e+00
-7.380202506720194400e+00
1.731047998070491900e+01
-3.263337279468566976e+01
8.958140275825242327e+01
-5.130322945796194034e+01
-2.063343141432074290e+01
-3.944433677927374315e+00
-4.624178644843124175e+01
1.898483820149335699e+01
-1.160667872572734609e+02
4.326097714673023376e+01
2.685211436569778698e+01
-3.211494615137574726e+01
5.693841319612690199e+01
-1.832414176696098096e+01
6.245472944667268678e+01
-6.320867895624440962e+02
3.383130340563237155e+02
-4.623192944351518463e+02
2.217707016734573600e+01
-1.810257496583744228e+02
5.155061126557221485e+01
-5.635397868829407031e+01
-1.931788493602120127e+01
4.303638735937890814e-01
-2.338285084648427770e+01
-5.948115063741882835e+01
3.510251205694044074e+01
5.535322137285949573e+00
-3.122242127802667078e+00
7.930829511948894961e+00
-2.127889501436509789e+01
-6.596649195301929502e+00
1.599107431378236299e+01
-2.190785845035830093e+01
-1.496579292363621327e+01
-5.766683320702468585e+00
-9.580792505668901171e+00
-3.362742588170651858e-01
-1.965286708885628508e+00
-1.757417319161023173e+01
-4.311190924792042267e+01
2.230448052005518988e+01
-1.001752262917030478e+01
-4.653122294830239092e+00
6.439491027694248970e+00
-2.813451752790351534e+01
1.373594066260504754e+01
-2.469303205347464569e+01
1.336705221158493728e+01
-1.464113282142369421e+01
-2.534651422582464519e+01
-2.151834437331172722e+01
-6.560899163369198206e+00
-6.472218190575139474e+00
-1.007752047955801977e+01
2.630170772426433157e+00
1.145541840512621157e+01
8.933282419203738556e+00
-1.142776603314765715e+01
7.506344030034362902e+00
6.207611918058111300e+00
-3.612416942122001018e+01
1.885192262899751370e+01
-1.976708442415129241e+01
-6.388518878845740545e+00
6.486664271939034165e+01
-1.080591711526783030e+02
4.706333642897352121e+01
-5.071204011067523965e+01
1.331154160436578771e+01
-1.148072806139744984e+01
2.232891008555067103e+01
-2.535632748664828284e+01
3.215071038497005418e+01
-9.501416448050569841e+00
1.772843099521487176e+01
3.221404893292836302e+00
9.469573114353568855e+00
-1.119823893234139511e+01
1.341645549675546967e+01
-6.969677020872678952e+01
2.591444493917808511e+00
1.367141815050841558e+01
-2.092359722978428493e+01
-1.014097177488000412e+01
-6.984384719229985272e+00
-8.086729587576369838e+00
8.303020251838416854e+00
-1.142828164138201430e+01
-1.187319505443755929e+01
-1.641047572322749915e+01
1.172662525987033177e+01
-1.933287244768320923e+00
-6.841294344123276083e+00
3.478163401076859174e+00
-9.443478358064012923e+00
-2.051055384185436736e+01
-5.690260308049351679e+00
2.296439097075109004e+01
-3.258340396788588578e+01
-1.411411473456594123e+00
-4.559471093383757001e+00
-1.705195700062509090e+01
1.055281408913497465e+01
-2.618568407246132068e+01
2.132980911710174254e+01
-2.095635507213479087e+01
8.474690659289201733e+00
2.471958066632384821e+00
5.659131831217088404e+00
9.020645043595006962e-01
-1.158585913189196503e+01
9.558757283302403707e+00
-2.474181553465356487e+01
-1.126844173510382463e+00
-1.661405571611599896e+01
-9.268784451946881831e+00
-2.686189146809700112e+00
-1.572840528316095110e+01
-1.395295035353860413e+01
5.981117495643472282e+00
-1.045527524681179443e+01
2.593656106599070421e-01
-4.853145112094059854e+00
-7.102457659862386308e+00
-1.296879631238434349e+01
1.919788202856736703e+01
-2.860342677770054820e+01
1.661079112467782082e+01
1.535489751308947426e+01
-1.795712934124670213e+01
1.112065610731985110e+01
-3.162380206256701953e+01
-1.462123626774697698e+02
4.371750002684794367e+01
-5.711067486222210476e+01
7.862103868256161476e+00
-1.464358261402143171e+02
3.709787810897068994e+01
-3.644173622721568506e+01
1.627740278513998362e+01
-2.955493933182918198e+01
5.450012819808667786e+01
-1.105368004456937143e+02
5.444017919184398480e-01
-6.809756832431836493e+00
8.124531427328255617e+00
-8.090082621799210116e+00
6.203194615087846309e+00
-2.560908934682721849e+01
9.941628649271705420e-01
1.873543450700877955e+01
-3.927790428124694477e-01
-1.144760373149390986e+01
-1.600782993747469973e+01
-6.240624146254101667e+00
-1.970935699767375482e+01
1.238524741713294297e+01
-7.407366597777442330e+00
-1.318975714926399156e+01
-2.039281121843172073e+01
8.221840461765632657e-01
-5.725414342557831882e-01
1.285257905958232971e+00
-7.297050373776618137e+00
-1.304444818130038186e+01
1.352103310218684307e+01
-8.043721304184025200e+01
1.486098802075019876e+01
-1.084043736164159988e+01
-1.162703114248420100e+01
-1.583750130987527882e+01
-2.141427250044701136e+00
4.612150829813088215e+00
-3.062040759489987352e+01
6.805507931990394610e+00
-2.308891933356556070e+00
4.373350993359948369e+00
-6.229207149388297893e+00
2.904394640915993531e+00
-2.560151250024124359e+00
-1.632964055793368985e+01
5.397908033472963218e+00
-1.380091620575102240e+01
-9.371003435623849853e+00
6.187299254253948888e+00
-2.338232329577236257e+01
-1.545172898714372245e+01
-2.702380306932282394e+01
2.625058521958162316e+01
-5.123491515428915477e+01
-4.149551537731407791e+01
1.999097440099476586e+01
-4.558043488663577847e+01
8.852203501759041160e+01
-3.101377810861649209e+01
-8.470697776958589387e+00
-2.841891626167917551e+01
-2.545116596003875742e+01
-7.551934036300680475e+01
4.998887431927886205e+00
-9.204960796432663628e+00
5.606054786460717310e+00
-4.444241186814550382e+00
-8.211788549114500313e+01
-3.479046224303849044e+01
4.020477628954260751e+00
1.317745198271406259e+01
-4.556973433650304273e-01
-9.837718361916996557e+00
2.181165536892545020e+01
5.139950443108695310e+00
-1.330813110962342023e+02
1.556526591542161420e+01
-8.279752077073901262e+00
-2.330737473419800310e+00
-1.893854852504453845e+01
-9.811844483569448272e+00
-6.515439801381284646e+00
-1.051022325246545996e+01
3.320778910120213112e+01
-4.379391022346382556e+01
1.003480475119355297e+01
-8.111005363757779918e+00
8.694748209752455992e+00
9.851864767099934861e-01
1.999008102492181971e+00
1.583381521250585422e+01
-1.463967334772403888e+02
-3.197943688854957145e+01
-2.445139596378041791e+00
-9.215744852268217713e+00
1.600983306179015031e+01
-3.584801868642141898e+01
-1.370760157356461661e+01
-1.320758827153092696e+01
-7.049398138591599583e+00
-4.890556081245068043e+01
2.233360418893385457e+01
3.368037534092773910e+01
-4.278436307824797069e+01
-8.029404872371314283e+00
2.187157498931284749e+00
-7.872782920220100955e+00
-1.312248806348255359e+00
-5.136679951043992887e+00
-2.408821990443487948e+01
-8.156465774737355900e+00
1.825511745949236708e+00
-2.662093506802614939e+01
-3.911655784117689194e+01
-1.003477236947076534e+01
-9.097718856211683303e+00
1.078720529089660651e+00
-1.245776568611096202e+01
4.203843281739131577e+00
7.017179415525206743e+00
-4.659376426933897619e+01
2.380110116873006021e+01
-1.280898120270075680e+01
1.242697086123881256e+01
-7.915064762496618833e+00
-5.866574170058486715e+01
-4.320090368851467133e+01
-1.266510844774593281e+01
-6.081133836227111544e+01
8.121477788460570224e+00
2.388818782509864036e+01
4.702745992562647359e+01
-1.144465055620323746e+01
-9.156246812207459129e+01
-6.197576684375588840e+00
-6.214681974307217693e+00
1.817879608791673718e+01
5.863418211225766896e+00
8.659659441474166996e+00
-4.190651415611440278e+00
-3.432254054345297334e+01
-8.770495894745579335e+00
-1.336499070009339505e+02
2.002763586584242717e+01
-2.309553493850253147e+01
-6.233323882039126573e+01
