-1.188139711893206550e+04
-1.188102246313083924e+04
-1.188098469555551310e+04
-1.188098052728669245e+04
-1.188097751928130674e+04
-1.188097544637005558e+04
-1.188097394241496295e+04
-1.188097280922012760e+04
-1.188097193472364779e+04
-1.188097124983170215e+04
-1.188097070883273409e+04
-1.188097027978329425e+04
-1.188096993936158105e+04
-1.188096966992254966e+04
-1.188096945772859544e+04
-1.188096929184506916e+04
-1.188096916342763507e+04
-1.188096906524653423e+04
-1.188096899135707645e+04
-1.188096893686120711e+04
-1.188096889772750365e+04
-1.188096887064895782e+04
-1.188096885292669140e+04
-1.188096884237232007e+04
-1.188096883722476014e+04
-1.188096883607866403e+04
-1.188096883782281657e+04
