-1.133022308868953769e+04
-1.132956813866913399e+04
-1.132966960027435562e+04
-1.132977535577085109e+04
-1.132985699648016089e+04
-1.132992073180001535e+04
-1.132997217216599529e+04
-1.133001490528770955e+04
-1.133005118036845852e+04
-1.133008245567481936e+04
-1.133010972002016570e+04
-1.133013367440981892e+04
-1.133015483651035720e+04
-1.133017360275476858e+04
-1.133019028660155345e+04
-1.133020514289911807e+04
-1.133021838385552473e+04
-1.133023018976127423e+04
-1.133024071633506901e+04
-1.133025009984497410e+04
-1.133025846073944376e+04
-1.133026590626936013e+04
-1.133027253242277584e+04
-1.133027842539015364e+04
-1.133028366270814331e+04
-1.133028831418239315e+04
-1.133029244265720990e+04
