-6327.859678
-6190.402350
-6141.124497
-6108.097724
-6084.307971
-6065.236832
-6049.201723
-6035.287671
-6022.990618
-6011.988704
-6002.057615
-5993.029438
-5984.772959
-5977.182795
-5970.172788
-5963.671580
-5957.619456
-5951.965993
-5946.668268
-5941.689471
-5936.997816
-5932.565684
-5928.368937
-5924.386373
-5920.599279
-5916.991075
-5913.547018
-5910.253957
-5907.100129
-5904.074993
-5901.169077
-5898.373861
-5895.681664
-5893.085552
-5890.579256
-5888.157097
-5885.813925
-5883.545059
-5881.346238
-5879.213572
-5877.143507
-5875.132784
-5873.178410
-5871.277628
-5869.427894
-5867.626853
-5865.872318
-5864.162258
-5862.494776
-5860.868100
-5859.280571
-5857.730632
-5856.216816
-5854.737742
-5853.292106
-5851.878677
-5850.496285
-5849.143824
-5847.820242
-5846.524539
-5845.255764
-5844.013010
-5757.012835
-5737.701817
-5732.516729
-5727.658505
-5723.997863
-5720.884351
-5667.543651
-5665.825676
-5645.543189
-5645.003641
-5634.634622
-5634.388606
