-7507.912938
-7347.874115
-7294.434907
-7263.499384
-7241.529904
-7224.497813
-7210.527981
-7198.648353
-7188.306980
-7179.160262
-7170.975766
-7163.585713
-7156.863266
-7150.709429
-7145.045180
-7139.806380
-7134.940273
-7130.402977
-7126.157634
-7122.172999
-7118.422374
-7114.882765
-7111.534232
-7108.359366
-7105.342876
-7102.471260
-7099.732537
-7097.116028
-7094.612179
-7092.212413
-7089.909011
-7087.695004
-7085.564092
-7083.510566
-7081.529243
-7079.615413
-7077.764789
-7075.973463
-7074.237868
-7072.554743
-7070.921104
-7069.334215
-7067.791567
-7066.290849
-7064.829936
-7063.406866
-7062.019827
-7060.667140
-7059.347250
-7058.058712
-7056.800180
-7055.570402
-7054.368205
-7053.192496
-7052.042247
-7050.916497
-7049.814340
-7048.734923
-7047.677444
-7046.641143
-7045.625305
-7044.629249
-6899.169209
-6892.829363
-6890.792254
-6889.430677
-6888.363601
-6887.493198
-6856.784426
-6856.644632
-6845.492073
-6845.469058
-6839.968686
-6839.961522
