120.852822
119.888823
119.907646
120.217328
120.512799
120.814437
121.112974
121.405686
121.690537
121.966725
122.234054
122.492679
122.742920
122.985172
123.219854
123.447386
123.668172
123.882598
124.091027
124.293799
124.491235
124.683631
124.871263
125.054389
125.233248
125.408063
125.579040
125.746371
125.910235
126.070797
126.228212
126.382625
126.534170
126.682974
126.829153
126.972820
127.114077
127.253024
127.389752
127.524350
127.656899
127.787479
127.916163
128.043023
128.168125
128.291534
128.413312
128.533515
128.652201
128.769421
128.885227
128.999668
129.112789
129.224635
129.335248
129.444668
129.552936
129.660086
129.766156
129.871179
129.975187
130.078211
1421.184228
1421.243205
1421.266675
1421.290238
1421.310048
1421.328158
1980.833453
1980.840790
2479.751335
2479.753824
2937.654232
2937.655403
