340.560413
-82.068729
91.018725
-28.743518
89.317097
-69.884798
-111.122507
19.741353
-14.040826
1.824802
-11.109388
56.630483
78.716731
-20.469042
-7.282920
-4.684362
-21.468699
4.650567
-99.017247
32.568891
-2.379553
-16.672044
55.417071
-38.275436
128.412020
-103.185811
34.400948
25.788109
12.183823
124.662485
582.861616
-295.988499
-11.711557
45.649946
273.178764
136.366576
-122.588254
481.159029
-104.078591
32.870558
-17.478615
2.955813
-26.521191
213.931982
-216.558808
55.833364
-12.008491
-31.721145
4.894901
-44.056138
-24.152275
219.176154
206.876619
-31.309074
-19.574599
7.895662
-22.959422
17.342634
-18.070430
22.260323
-133.271675
44.287494
-8.340694
-25.171944
15.633937
-72.257213
57.566381
-92.371655
146.207269
-33.853657
-12.051877
23.955350
-22.104452
13.565276
-50.161411
114.362322
77.703302
-72.593925
19.631570
23.349446
-4.921760
6.800490
151.456999
-74.352809
64.648459
-130.342925
222.157736
63.459647
1032.740527
-29.504542
-21.193070
36.470025
-113.757892
541.126865
138.944216
-74.533878
-6.525890
-3.350794
-34.133531
-39.828996
142.315699
-54.729559
9.496807
6.500126
-12.736747
15.985158
-13.693879
-19.070988
-16.789100
-4.621946
-9.216397
-7.238510
-7.108307
-3.489975
-22.018946
33.185428
16.836037
-32.881583
5.978792
-5.010361
-13.847047
11.607194
-23.357558
-4.578246
-3.420663
-15.496454
3.674207
-50.570609
1.911021
-32.204157
10.761583
10.639290
32.724834
-14.617485
6.236927
9.607415
-17.771018
-7.558328
34.885780
-309.268696
152.337163
-65.287596
-8.039023
-25.242345
7.860688
-35.595554
-268.756078
83.593027
-32.232359
-10.282824
51.330237
-149.197085
7.761113
-1.358072
80.723291
-120.302935
-617.964217
-1.316601
5.584927
-22.499315
25.895829
-276.401601
376.637883
-144.946336
57.304187
-16.576449
-14.230841
29.440613
-21.334750
-45.154278
-83.264472
23.530367
-19.569975
-11.617367
2.390536
-24.800760
2.441486
5.137291
-25.532508
-5.853563
7.609483
-6.654635
-8.857335
4.484085
1.050221
-42.702974
-9.633168
15.490117
-26.969398
-5.073778
0.088169
-22.346293
3.051084
-1.097176
-19.863751
-10.544146
0.311384
11.491393
-6.211844
12.207888
-19.318446
-24.425105
102.572645
-29.997037
7.419290
-26.971722
-4.277456
-0.615664
-40.020423
224.893359
215.246801
-99.885388
15.761262
-0.914300
12.135245
-26.486079
31.788830
34.532426
217.534904
-57.612583
4.730182
-8.574222
-34.104970
119.913928
10.980380
-6.660269
-34.272406
56.647780
468.631358
-15.923778
-12.711150
0.147097
-2.618585
215.345744
419.437775
90.082348
-58.270070
-3.620459
8.399330
-56.992044
8.225849
258.341243
28.055737
-47.442643
11.227178
6.037022
-17.055871
32.191198
-30.474916
-35.397700
-9.915015
9.119595
-23.138285
-11.685954
-4.443561
-30.987313
4.227746
18.340293
-6.903782
-23.446175
-0.290956
-0.813553
-3.120916
-1.559759
-11.566465
-18.888590
0.463241
6.929527
-7.045199
-20.891178
-10.685458
-12.972538
9.832299
3.715720
-122.645711
5.739455
-8.338367
11.949996
-6.083962
-3.445797
17.606171
-235.069509
84.387525
65.265978
-15.051854
-16.558449
-35.671551
29.065522
-46.432103
-123.578777
-183.289112
51.847229
-20.863929
-3.777539
34.775188
-239.152150
-13.268929
-7.838838
25.967552
-63.374224
-52.937936
121.879622
-96.766644
80.618920
8.688570
62.752325
-49.403224
-6.925587
13.427572
130.535605
161.202898
-93.828586
-1.012018
-18.481140
10.845955
-36.304030
-73.881831
186.533181
-36.457423
2.301173
20.791025
-2.728295
-11.810215
34.477309
-4.435575
-91.568424
9.340395
-9.631531
-2.174666
-20.315800
-5.258998
-16.094740
-4.474353
34.747692
-18.741960
2.564849
-4.843748
13.362896
-3.974647
13.111471
-8.240392
-100.343083
-376.743202
19.449048
-20.248961
-8.619488
8.841564
-16.523049
-48.316358
273.353187
-255.609271
80.111746
-43.132315
-17.824631
-21.990759
27.696579
-230.092630
70.265692
1.935115
-99.939210
222.982986
-4.230440
-89.443072
204.304294
-567.045905
-33.133779
-3.465865
43.158075
-251.189877
487.187773
364.135090
40.026330
-10.554553
30.930945
-25.480111
74.504780
-88.297478
880.423613
-80.286077
9.963519
-46.059340
-14.158597
7.160422
-68.569246
24.680132
-116.668223
101.665955
-45.897920
-1.438507
6.143414
-17.861442
15.164008
-19.149885
48.270393
-62.375034
3.943834
9.108520
-22.551458
15.577446
-20.664642
-5.530599
33.479105
-202.844350
-6.540794
-16.094614
-45.881427
-60.561539
74.457663
-81.003922
71.382723
-33.539913
229.669520
92.725729
450.925833
-681.686051
-848.088668
136.513002
-58.974217
55.339656
-45.604152
161.409622
138.377752
-25.533593
7.054132
-35.568811
32.998619
95.846551
129.377802
2.433383
-11.442977
14.528502
-19.081123
10.170928
-73.148501
-89.697329
23.461863
-78.288529
10.117260
-166.806531
19.646254
48.983853
75.894460
270.646541
