-7.183156935542185238e+03
-7.176600147234779797e+03
-7.172562863462024325e+03
-7.169514212529848010e+03
-7.167105152345361603e+03
-7.165159872129195719e+03
-7.163577397087399731e+03
-7.162301217162398643e+03
-7.161288636314042378e+03
-7.160494927320595707e+03
-7.159873640788899138e+03
-7.159382368028693236e+03
-7.158986421905795396e+03
-7.158659374666563963e+03
-7.158381927488757356e+03
-7.158140374492151750e+03
-7.157925223002889652e+03
-7.157730106664173036e+03
-7.157550958947312211e+03
-7.157385372917246059e+03
-7.157232084039355868e+03
-7.157090541423196555e+03
-7.156960559681341692e+03
-7.156842057170691078e+03
-7.156734884644789418e+03
-7.156638737521091571e+03
-7.156553134077614232e+03
-7.156477436770006534e+03
-7.156410895213703043e+03
-7.156352694684549533e+03
-7.156302000246249918e+03
-7.156257991867320015e+03
-7.156219889452047937e+03
-7.156186968695511496e+03
-7.156158569515787349e+03
-7.156134098967374484e+03
-7.156113030341107333e+03
-7.156094899825328866e+03
-7.156079301761086754e+03
-7.156065883224995559e+03
-7.156054338435318641e+03
-7.156044403297695681e+03
-7.156035850278929502e+03
-7.156028483708410931e+03
-7.156022135547992548e+03
-7.156016661633206240e+03
-7.156011938366083996e+03
-7.156007859826837375e+03
-7.156004335265850386e+03
