-7.767634630431804908e+03
-7.765137542333573037e+03
-7.763577152904050308e+03
-7.762372449178536044e+03
-7.761439460200190297e+03
-7.760704845242087686e+03
-7.760139279655671999e+03
-7.759727248969719767e+03
-7.759443721449573786e+03
-7.759255417579945060e+03
-7.759130976029733574e+03
-7.759046690186838532e+03
-7.758986822493513500e+03
-7.758941667953115029e+03
-7.758905485624991343e+03
-7.758874967518768244e+03
-7.758848256386651883e+03
-7.758824356013765282e+03
-7.758802782138176553e+03
-7.758783346782784974e+03
-7.758766013419288356e+03
-7.758750794350562501e+03
-7.758737681792928925e+03
-7.758726610875814004e+03
-7.758717450743636618e+03
-7.758710015665663377e+03
-7.758704086149584327e+03
-7.758699431464391637e+03
-7.758695828219724717e+03
-7.758693072898464379e+03
-7.758690988492989163e+03
-7.758689426506698510e+03
-7.758688265855933423e+03
-7.758687410023094344e+03
-7.758686783463822394e+03
-7.758686327918331699e+03
-7.758685998998342257e+03
-7.758685763221827983e+03
-7.758685595544839998e+03
-7.758685477368529973e+03
-7.758685394966138119e+03
-7.758685338262771438e+03
-7.758685299901369945e+03
-7.758685274535689132e+03
-7.758685258299312409e+03
-7.758685248410098211e+03
-7.758685242876623306e+03
-7.758685240282229643e+03
-7.758685239626011935e+03
