1.152801053356120420e+01
3.933086665656920644e+01
-1.406035444007806845e+01
2.988313391745539960e+01
1.597469262036921656e+01
1.403779572381406382e+01
-1.301812791469398007e+02
5.087709093254624548e+01
-1.173497218990059423e+02
1.162491131063673180e+02
-1.349787941614731324e+01
7.080843831892104845e+01
-2.501007143441917435e+01
7.243451072502948840e-01
1.248148456639510897e+02
-1.548612192874136362e+01
5.639357681397953570e+01
-5.001831532688653681e+01
1.184034807533182629e+02
-1.223340033421638111e+02
-7.578829513628075887e+00
-6.351244994995012405e+01
2.134954160994854178e+01
-4.336526384282294799e+01
-9.398708380505145499e+01
4.582492448390866002e+01
3.045537058674978326e+01
7.409151566270792522e+00
4.393046778474198000e+00
-2.036700399078092616e+01
7.437467308247551045e+01
-5.446483780423359633e+01
-7.764712001100230054e+01
-3.347422999397364407e+01
-2.724399561093417077e+00
-2.965623665364012140e+01
-8.880128753551792897e+01
3.459329484123644249e+01
8.625593231542676165e+01
-1.525328084787303773e+01
1.460833114364832142e+01
2.763054450654601979e+01
-5.090561405284969254e+01
-6.667648437915826207e+02
3.102604614457995922e+02
-3.847028022563018794e+02
1.378640831264363555e+02
-3.896441968390038255e+02
3.116089266554886876e+02
-1.399227410279985122e+02
-2.538826646602319670e+01
-3.210750812390364750e+00
-3.892026802848231881e+01
-5.678416505226018529e+01
5.371931728516301519e+01
1.256287481182381782e+01
3.018817658458227804e+00
7.363684100207789740e+00
-2.551456020970976724e+01
-2.748787733791196342e+00
1.044697256490142934e+01
-2.477131237243283124e+01
-3.191674783725617104e+01
-5.363134332046103125e+00
-1.571622823463266982e+01
5.962085915681680781e+00
-5.795579152427112746e+00
3.939879503387131887e+00
-5.307594280844516277e+01
3.166858399500767618e+01
-9.484578216569966358e+00
7.246095784861858569e+00
-4.854224172885909461e+00
-2.316262943442976052e+01
9.933229235611253927e+00
-5.364445335073035181e+01
2.453642682678891163e+01
-2.260792100219907397e+01
-1.547459582586731841e+01
-4.345984072370637108e+01
1.740163152286110915e+01
-3.005447869374209446e+01
7.014688923932698827e+00
9.733437273888073449e+00
1.708316669792647957e+01
-5.073866293494950774e+00
1.068474797648612196e+01
-1.434091966465294377e+01
1.973901711195964737e+01
-4.959265905338822478e+01
4.976482961094858126e+01
-3.519696186763722778e+01
1.021348955617187571e+01
1.066035570274623723e+02
-1.601507959132773351e+02
6.528864673513690775e+01
-7.474795256437492696e+01
1.168113950372370091e+01
9.457633545983286538e+00
2.930774600916239336e+01
-7.433420286125615917e+01
1.004453517731878094e+02
-7.720195768462917840e+01
1.052591017476978550e+02
-1.255927595313988121e+01
2.599241486655916589e+01
-1.198222858748738417e+01
4.071206093155727679e+00
-5.962050551913020513e+01
-5.028328067091549780e-01
-3.119104941654617491e+00
-1.881624492060619858e+01
-1.518480369340147540e+01
-1.288523587983529239e+01
1.091633936053475473e+00
5.749222850447043953e+00
-1.081653570125162744e+01
-3.930823018314357320e+00
-1.800710537318336435e+01
8.920435079293419278e+00
4.805441208452008617e+00
-7.989909561034911789e+00
1.796805022292758958e+00
-1.295837627860106700e+01
-1.227557241945287991e+01
-1.872468838583745310e+01
2.872066162294477465e+01
-3.686372873632010538e+01
-9.975404904082977309e-01
-1.227877077163022612e+01
-9.350929833559765925e+00
6.022702264421996965e+00
-2.003696897257762188e+01
4.056830929436944189e+01
-2.910009305644311439e+01
1.138393006589476819e+01
-3.723868110018363708e+00
1.523657336810790675e+01
-1.262801797343430721e+01
-2.744544528737779404e-02
-3.755836650688351597e+00
-2.122973132918498962e+01
-7.530122460536153639e+00
-7.515223802440027967e+00
-1.997305015578782417e+01
7.265655261883441796e+00
-2.102944481199064342e+01
-1.679077054592208995e+01
1.502956692401718364e+01
-2.739106647400823391e+01
-3.480929923558714112e+00
-2.127425357288059260e+00
-2.798043451345208155e+01
-3.134372071984390118e+01
4.123298916861533314e+01
-3.477430467943479186e+01
3.127532941030636948e+01
8.456662822064517471e+00
-1.383692473026372305e+01
-2.774931294180049246e+00
-1.379521960250598411e+01
-1.524991811171966845e+02
8.471934797821116092e+01
-1.162044866856757466e+02
2.778089188299776069e+01
-2.907723523446040872e+02
7.664477138617664309e+01
-6.189976638394688990e+01
1.886536685900485466e+01
-6.843366838333864166e+00
3.960534666148355853e+01
-6.374368404900631191e+01
1.883077537264002288e+01
-1.512005364592426915e+01
1.116801503582067134e+01
5.438450180422708946e-02
-2.008972895803187697e+01
-1.464559252412893109e+01
6.326226753776847289e+00
5.607795819571033569e+00
-4.308281097872948884e+00
-5.695064933546747810e+00
-2.319262714438456285e+01
-1.078626864296297327e+01
-8.706628030314805144e+00
7.378373093219813939e+00
-7.147145910980406747e+00
5.639744879822710111e+00
-2.427879889895671539e+01
1.318954797844109628e+00
-9.402962121760697345e-01
7.987877108967563977e+00
-1.902957277580845386e+01
-6.373941000157466341e+00
3.788095642511047245e+00
-1.176126033653905552e+02
1.868759345464257748e+01
-1.282340939749110298e+01
-7.386492737930486996e+00
-2.423246145100867821e+01
1.011130873694792776e+01
-8.087327342867618896e+00
-1.121418917815681482e+01
5.645506017655966602e+00
-6.914385812847735346e-01
-3.367440915898043396e+00
-1.480749682380326560e+00
-5.490149765885074196e+00
1.674741651217178884e+00
-2.037578927341177604e+01
3.130400266781854235e+00
-4.136782375340967377e+00
-1.414792415192087427e+00
2.836893225855507961e+00
-1.392194175244674703e+01
-1.326447276360094563e+01
-4.432475160957879012e+01
2.838601760869237722e+01
-7.514561821367453831e+01
-1.625777394758348393e+01
6.466266606688538587e+00
-1.686671879750361569e+01
3.735829595468612041e+01
-8.412728114392351131e+01
2.719126971056950026e+01
-5.057720236196307440e+01
-3.745630509246002049e+01
-6.773980596809167309e+01
6.851390332680301398e+00
-1.108221009579329142e+01
1.046893087895761854e+00
1.091990007757089387e+01
-8.101140921025351815e+01
-1.900848773747826215e+01
-3.352672182518455224e-01
8.389429496769746919e+00
4.425946454917943029e+00
-7.792874931796900384e+00
1.287076469062106376e+01
9.355222492865397754e+00
-1.298737005258339821e+02
-1.151638131556287981e+01
-2.346061476538195745e+00
-3.998880510145927936e+00
-1.996572927348281112e+01
-2.296952717415025091e+01
7.733495135455844327e+00
-2.487822865222577562e+01
6.206152464855971118e+01
7.719361592978618347e+00
3.346638316070071895e+00
-9.439295405716238818e+00
3.071964183633538958e+00
8.198142988415563437e+00
-1.212081103859194897e+01
3.506986841345479888e+01
-1.912891812166560612e+02
-2.526870133035554744e+01
-6.184196992266543624e+00
-1.165761322162514935e+00
1.084199670477124400e+01
-3.981762648840240360e+01
-1.054042793004221323e+01
-1.159410674069670755e+01
-1.952053081875162732e+01
-5.642752845180446997e+01
3.165179684784146374e+01
5.760939756176081517e+01
-3.188067922146786870e+01
9.373221131416692442e-01
-1.154168939430636698e+01
3.286218465206456329e-01
-1.516992392409203916e+01
-5.743265252154009737e+00
-1.840861868643226629e+01
-9.504915350810200891e+00
-6.482330821031910162e+00
-1.164742014710069817e+01
-6.701806729400877316e+01
-2.532687572595230030e+00
-1.409585907432894203e+01
-4.581301505938871976e+00
2.608022934558437811e+00
-9.851637518342821309e+00
1.980235199536370772e+01
-4.312891385165227121e+01
2.090700429038933805e+01
-9.964973925990950887e-01
1.668339684406386469e+00
3.193084524705708027e+00
-9.327239016943903493e+01
-2.116882778074295857e+01
-3.867727709423877513e+01
-5.578194931814847024e+01
3.348552286750429374e+01
4.068458813043000788e+01
8.929395573931917340e+01
1.918950816542882976e+01
-1.628198457013083384e+02
-7.847615832261443991e+00
-1.642113502514954604e+01
8.007900403139569789e+01
-2.955092940508698973e+01
-7.720046234769742943e-01
2.121158908304799340e+01
-1.714037869625178985e+02
8.382510876971974767e+01
-1.053420616526183125e+02
-1.991884099354708226e+01
6.293012493762874726e+01
-2.214517540656570702e+02
