6.765931733254778919e+02
7.437773200092813113e+02
8.001406044759515908e+02
8.510745757866866370e+02
8.993431407140666352e+02
9.466487978413398423e+02
9.938853561401398338e+02
1.040433107230055384e+03
1.084434044756700359e+03
1.123914453822681480e+03
1.157664465577871169e+03
1.185435809726342313e+03
1.207695845408405603e+03
1.225276758104858573e+03
1.239099121099428885e+03
1.250010467899297055e+03
1.258716573053539605e+03
1.265769378459037625e+03
1.271582512014311305e+03
1.276456608372553546e+03
1.280605456331211371e+03
1.284179191342734157e+03
1.287283275661691505e+03
1.289993103115802114e+03
1.292364571697350357e+03
1.294441251692207743e+03
1.296258919289105734e+03
1.297848227529452060e+03
1.299236176460953175e+03
1.300446879848996559e+03
1.301501961198882782e+03
1.302420778778553995e+03
1.303220586627477587e+03
1.303916681249277190e+03
1.304522552034677801e+03
1.305050038073381984e+03
1.305509487844203477e+03
1.305909916786253461e+03
1.306259158323537122e+03
1.306564005154399638e+03
1.306830338892200871e+03
1.307063247202319644e+03
1.307267128363082293e+03
1.307445783709907118e+03
1.307602498750553877e+03
1.307740113916934206e+03
1.307861085990174615e+03
1.307967541236810121e+03
1.308061321248069362e+03
