2.799999999999999822e+00
2.829840458463758424e+00
2.829985700501730150e+00
2.829520607025928669e+00
2.828588848490030561e+00
2.827317400948183401e+00
2.825933797184697838e+00
2.824646625981027448e+00
2.823569616967176898e+00
2.822733297998530233e+00
2.822121684459878210e+00
2.821699111273552329e+00
2.821425603384038361e+00
2.821265046313757630e+00
2.821188511490148265e+00
2.821174499300599159e+00
2.821207674323702452e+00
2.821277163784559505e+00
2.821374970021576889e+00
2.821494723924950154e+00
2.821630849746948666e+00
2.821778129800647683e+00
2.821931596873205272e+00
2.822086638711215123e+00
2.822239187525924287e+00
2.822385891469867847e+00
2.822524209505557380e+00
2.822652415151901462e+00
2.822769524558658816e+00
2.822875177268434843e+00
2.822969498050151405e+00
2.823052961483573764e+00
2.823126272555748884e+00
2.823190269250241968e+00
2.823245848003806735e+00
2.823293909936746005e+00
2.823335324415410241e+00
2.823370906212984366e+00
2.823401402823702000e+00
2.823427489022778847e+00
2.823449766369328540e+00
2.823468765903005995e+00
2.823484952757138178e+00
2.823498731786086235e+00
2.823510453589600733e+00
2.823520420529243680e+00
2.823528892484036046e+00
2.823536092200495506e+00
2.823542210162393040e+00
