-8821.930047
-8584.914753
-8499.843806
-8447.934069
-8409.513813
-8378.437512
-8352.181298
-8329.443742
-8309.424921
-8291.581466
-8275.521075
-8260.949394
-8247.639239
-8235.411441
-8224.122139
-8213.654061
-8203.910331
-8194.809974
-8186.284599
-8178.275895
-8170.733726
-8163.614664
-8156.880828
-8150.498980
-8144.439792
-8138.677260
-8133.188223
-8127.951967
-8122.949901
-8118.165280
-8113.582975
-8109.189279
-8104.971738
-8100.919011
-8097.020745
-8093.267465
-8089.650488
-8086.161837
-8082.794169
-8079.540716
-8076.395227
-8073.351918
-8070.405432
-8067.550798
-8064.783395
-8062.098925
-8059.493381
-8056.963024
-8054.504361
-8052.114126
-8049.789256
-8047.526883
-8045.324311
-8043.179008
-8041.088591
-8039.050815
-8037.063565
-8035.124842
-8033.232758
-8031.385531
-8029.581469
-8027.818972
-8026.096523
-8024.412682
-8022.766079
-8021.155414
-8019.579450
-8018.037008
-8016.526966
-8015.048253
-8013.599847
-8012.180772
-8010.790098
-8009.426932
-8008.090422
-8006.779751
-8005.494137
-8004.232831
-8002.995114
-8001.780295
-8000.587714
-7999.416733
-7998.266740
-7997.137149
-7996.027393
-7994.936928
-7993.865230
-7992.811793
-7991.776132
-7990.757776
-7989.756274
-7988.771187
-7846.232919
-7842.928718
-7841.591867
-7840.798455
-7806.042805
-7805.873719
-7793.238497
-7793.209118
-7788.179097
-7788.173214
