28.681857
-10.109553
16.063210
-15.173567
31.446818
-36.166128
-16.681046
-11.742352
-19.195398
34.137359
30.334408
4.357047
3.613519
-3.935773
94.150581
-10.893407
42.043897
-31.792996
86.835165
-100.864875
2.694644
-60.782081
17.116146
-10.040235
-73.216140
43.019626
2.533725
15.581383
-7.761148
-29.084951
66.223847
-67.209712
-21.685055
-45.837361
5.954084
-5.921271
-69.466948
35.260353
13.534969
19.987075
-21.231893
13.040980
-94.139043
-88.789368
53.332035
-74.526351
77.672156
-110.643803
152.055766
-111.217938
-30.809058
-10.231536
-42.099936
-45.736005
44.244326
10.330194
6.676661
5.814514
-28.265117
-3.310107
4.668478
-23.225162
-24.135722
-10.100952
-10.378549
3.463819
-14.069228
6.581290
-51.229626
33.397260
-15.405880
8.177038
-4.485036
-25.758818
14.103695
-49.153132
21.242192
-22.395447
-13.291140
-44.448855
16.570306
-27.468973
2.337516
11.258518
11.683472
-14.761472
16.897923
-23.546094
13.727224
-36.604328
26.898277
-38.344559
13.635553
76.841958
-98.177794
52.429333
-66.061773
16.415113
3.110945
44.708805
-60.973588
34.891386
-52.450860
92.408089
-21.673546
27.071647
-12.179816
9.074289
-60.989088
-11.974639
-5.431981
-15.209707
-14.330304
-12.468839
-0.373172
10.358791
-30.346687
-1.091158
-16.661718
8.509260
1.737867
-6.638718
0.170869
-13.237578
3.257884
-21.732726
28.680137
-37.616784
0.917202
-11.996171
-9.828028
7.466059
-27.517792
38.915168
-28.335950
11.712622
-4.571862
15.349740
-11.871359
-1.815114
3.714781
-21.814871
-6.178602
-5.342718
-21.249411
9.431087
-19.838669
-17.331977
12.567187
-22.164765
-2.425682
-3.237315
-27.198169
-25.801200
26.020280
-30.274718
27.081821
5.923261
-14.241288
-1.590753
-13.181361
-132.495002
57.722961
-47.202480
-0.218859
-235.131144
72.655313
-57.961164
15.618006
-9.658920
40.338743
-34.217164
14.217532
-15.428492
9.556500
0.389092
-18.612076
-21.756899
36.717297
-1.253674
-3.590535
-6.188030
-20.681016
-12.319210
-7.601602
9.439384
-35.055204
11.413099
-25.555247
2.036596
-2.083508
7.174918
-18.356161
-8.637038
17.985634
-113.151796
18.628479
-13.060507
-7.028780
-24.284547
9.189217
-5.518128
-24.504040
5.456570
-1.437603
-4.254126
-0.462657
-7.039194
0.844222
-19.480792
4.235120
-7.896253
-2.133644
3.316010
-14.041631
-15.562199
-31.941635
23.302542
-68.736152
-10.367169
5.648420
-17.053521
37.102316
-84.795052
28.180396
-56.747307
-21.528474
-66.630157
8.167415
-11.938901
6.318574
3.355371
-65.110511
-20.029353
0.803113
7.633259
4.198903
-10.902718
17.567093
-4.346792
-22.069728
-10.809689
-2.503939
-3.534294
-20.384271
-16.931395
2.403695
-15.165727
5.940033
-0.937443
4.670268
-10.238443
3.886746
5.946437
-7.496489
25.974219
-143.525414
-25.808302
-4.265157
-1.274211
11.095496
-38.860838
-7.750241
-13.025614
-12.790379
-56.978620
31.454842
38.267164
-24.154994
-0.625862
-9.244771
-9.733436
-9.182455
-8.556481
-16.207111
-11.116230
1.495956
-19.997036
-44.682105
-1.407826
-16.472207
-2.117679
-14.707477
2.992407
0.985760
-45.245112
23.328367
-3.485535
9.320068
-9.056161
-73.041650
-26.376598
-37.498060
-58.211023
29.525223
27.684084
94.669898
-6.555039
-43.419099
-14.627764
1.200406
6.492925
-1.606129
27.323850
-19.337526
-18.913591
-5.808750
-120.364257
9.647445
-15.183232
-56.293054
