-8354.159183
-8127.193710
-8034.337929
-7977.473682
-7934.152993
-7899.084225
-7869.187537
-7843.292504
-7820.416759
-7800.011303
-7781.610691
-7764.898100
-7749.611189
-7735.551897
-7722.556487
-7710.493832
-7699.254281
-7688.746756
-7678.893911
-7669.629904
-7660.897974
-7652.648946
-7644.839866
-7637.433025
-7630.395125
-7623.696630
-7617.311221
-7611.215357
-7605.387903
-7599.809822
-7594.463915
-7589.334598
-7584.407714
-7579.670366
-7575.110784
-7570.718196
-7566.482726
-7562.395302
-7558.447569
-7554.631824
-7550.940951
-7547.368360
-7543.907947
-7540.554040
-7537.301367
-7534.145016
-7531.080407
-7528.103262
-7525.209578
-7522.395609
-7519.657841
-7516.992975
-7514.397909
-7511.869725
-7509.405675
-7507.003164
-7504.659745
-7502.373105
-7500.141054
-7497.961519
-7495.832538
-7493.752245
-7491.718872
-7489.730739
-7487.786245
-7485.883870
-7484.022164
-7482.199746
-7480.415299
-7478.667565
-7476.955342
-7475.277485
-7473.632893
-7472.020519
-7470.439355
-7468.888439
-7467.366847
-7465.873694
-7464.408131
-7462.969343
-7461.556545
-7460.168986
-7458.805943
-7457.466720
-7456.150648
-7454.857083
-7453.585404
-7452.335014
-7451.105339
-7449.895822
-7448.705928
-7447.535143
-7306.912067
-7295.763515
-7295.100722
-7291.919942
-7241.069540
-7239.624454
-7219.014701
-7218.546311
-7208.833465
-7208.673059
