95.675894
95.426522
96.567914
97.490797
98.384750
99.195631
99.962566
100.680031
101.361694
102.009687
102.629895
103.224838
103.797590
104.350107
104.884286
105.401584
105.903325
106.390621
106.864467
107.325735
107.775210
108.213594
108.641520
109.059563
109.468248
109.868053
110.259416
110.642741
111.018400
111.386738
111.748074
112.102706
112.450910
112.792946
113.129056
113.459467
113.784395
114.104040
114.418593
114.728234
115.033134
115.333453
115.629345
115.920957
116.208426
116.491884
116.771458
117.047268
117.319428
117.588048
117.853232
118.115081
118.373692
118.629155
118.881560
119.130991
119.377528
119.621251
119.862234
120.100548
120.336263
120.569446
120.800160
121.028467
121.254426
121.478095
121.699527
121.918776
122.135893
122.350928
122.563927
122.774936
122.984000
123.191160
123.396459
123.599936
123.801630
124.001577
124.199813
124.396373
124.591290
124.784598
124.976327
125.166508
125.355170
125.542341
125.728050
125.912323
126.095186
126.276665
126.456783
126.635564
317.426732
317.640455
317.697444
317.803044
454.391987
454.426778
577.890066
577.901522
676.588588
676.593174
